# i   j          x          y        u_x        u_y        |u|
#-------------------------------------------------------------
  0   0  0.000e+00  0.000e+00  0.000e+00 -8.675e-11  8.675e-11
  0   4  0.000e+00  2.000e-01  0.000e+00 -8.627e-11  8.627e-11
  0   8  0.000e+00  4.000e-01  0.000e+00 -8.492e-11  8.492e-11
  0  12  0.000e+00  6.000e-01  0.000e+00 -8.269e-11  8.269e-11
  0  16  0.000e+00  8.000e-01  0.000e+00 -7.963e-11  7.963e-11
  0  20  0.000e+00  1.000e+00  0.000e+00 -7.579e-11  7.579e-11
  0  24  0.000e+00  1.200e+00  0.000e+00 -7.124e-11  7.124e-11
  0  28  0.000e+00  1.400e+00  0.000e+00 -6.609e-11  6.609e-11
  0  32  0.000e+00  1.600e+00  0.000e+00 -6.044e-11  6.044e-11
  0  36  0.000e+00  1.800e+00  0.000e+00 -5.443e-11  5.443e-11
  0  40  0.000e+00  2.000e+00  0.000e+00 -4.818e-11  4.818e-11
  0  44  0.000e+00  2.200e+00  0.000e+00 -4.186e-11  4.186e-11
  0  48  0.000e+00  2.400e+00  0.000e+00 -3.560e-11  3.560e-11
  0  52  0.000e+00  2.600e+00  0.000e+00 -2.954e-11  2.954e-11
  0  56  0.000e+00  2.800e+00  0.000e+00 -2.380e-11  2.380e-11
  0  60  0.000e+00  3.000e+00  0.000e+00 -1.850e-11  1.850e-11
  0  64  0.000e+00  3.200e+00  0.000e+00 -1.371e-11  1.371e-11
  0  68  0.000e+00  3.400e+00  0.000e+00 -9.486e-12  9.486e-12
  0  72  0.000e+00  3.600e+00  0.000e+00 -5.869e-12  5.869e-12
  0  76  0.000e+00  3.800e+00  0.000e+00 -2.867e-12  2.867e-12
  0  80  0.000e+00  4.000e+00  0.000e+00 -4.699e-13  4.699e-13
  0  84  0.000e+00  4.200e+00  0.000e+00  1.348e-12  1.348e-12
  0  88  0.000e+00  4.400e+00  0.000e+00  2.626e-12  2.626e-12
  0  92  0.000e+00  4.600e+00  0.000e+00  3.412e-12  3.412e-12
  0  96  0.000e+00  4.800e+00  0.000e+00  3.763e-12  3.763e-12
  0 100  0.000e+00  5.000e+00  0.000e+00  3.737e-12  3.737e-12
  0 104  0.000e+00  5.200e+00  0.000e+00  3.396e-12  3.396e-12
  0 108  0.000e+00  5.400e+00  0.000e+00  2.801e-12  2.801e-12
  0 112  0.000e+00  5.600e+00  0.000e+00  2.015e-12  2.015e-12
  0 116  0.000e+00  5.800e+00  0.000e+00  1.097e-12  1.097e-12
  0 120  0.000e+00  6.000e+00  0.000e+00  0.000e+00  0.000e+00

  4   0  2.000e-01  0.000e+00 -0.000e+00 -8.717e-11  8.717e-11
  4   4  2.000e-01  2.000e-01 -8.695e-13 -8.668e-11  8.669e-11
  4   8  2.000e-01  4.000e-01 -1.725e-12 -8.532e-11  8.534e-11
  4  12  2.000e-01  6.000e-01 -2.550e-12 -8.307e-11  8.311e-11
  4  16  2.000e-01  8.000e-01 -3.329e-12 -7.998e-11  8.005e-11
  4  20  2.000e-01  1.000e+00 -4.045e-12 -7.611e-11  7.622e-11
  4  24  2.000e-01  1.200e+00 -4.679e-12 -7.152e-11  7.167e-11
  4  28  2.000e-01  1.400e+00 -5.213e-12 -6.632e-11  6.652e-11
  4  32  2.000e-01  1.600e+00 -5.631e-12 -6.061e-11  6.087e-11
  4  36  2.000e-01  1.800e+00 -5.919e-12 -5.453e-11  5.485e-11
  4  40  2.000e-01  2.000e+00 -6.068e-12 -4.822e-11  4.860e-11
  4  44  2.000e-01  2.200e+00 -6.076e-12 -4.183e-11  4.227e-11
  4  48  2.000e-01  2.400e+00 -5.946e-12 -3.550e-11  3.600e-11
  4  52  2.000e-01  2.600e+00 -5.688e-12 -2.939e-11  2.993e-11
  4  56  2.000e-01  2.800e+00 -5.319e-12 -2.360e-11  2.420e-11
  4  60  2.000e-01  3.000e+00 -4.860e-12 -1.826e-11  1.890e-11
  4  64  2.000e-01  3.200e+00 -4.333e-12 -1.344e-11  1.413e-11
  4  68  2.000e-01  3.400e+00 -3.763e-12 -9.208e-12  9.947e-12
  4  72  2.000e-01  3.600e+00 -3.172e-12 -5.586e-12  6.424e-12
  4  76  2.000e-01  3.800e+00 -2.581e-12 -2.588e-12  3.655e-12
  4  80  2.000e-01  4.000e+00 -2.009e-12 -2.035e-13  2.019e-12
  4  84  2.000e-01  4.200e+00 -1.469e-12  1.596e-12  2.169e-12
  4  88  2.000e-01  4.400e+00 -9.724e-13  2.851e-12  3.012e-12
  4  92  2.000e-01  4.600e+00 -5.266e-13  3.612e-12  3.650e-12
  4  96  2.000e-01  4.800e+00 -1.364e-13  3.935e-12  3.938e-12
  4 100  2.000e-01  5.000e+00  1.955e-13  3.881e-12  3.886e-12
  4 104  2.000e-01  5.200e+00  4.679e-13  3.512e-12  3.543e-12
  4 108  2.000e-01  5.400e+00  6.807e-13  2.889e-12  2.968e-12
  4 112  2.000e-01  5.600e+00  8.348e-13  2.075e-12  2.237e-12
  4 116  2.000e-01  5.800e+00  9.318e-13  1.133e-12  1.467e-12
  4 120  2.000e-01  6.000e+00  9.734e-13  0.000e+00  9.734e-13

  8   0  4.000e-01  0.000e+00 -0.000e+00 -8.850e-11  8.850e-11
  8   4  4.000e-01  2.000e-01 -1.791e-12 -8.800e-11  8.802e-11
  8   8  4.000e-01  4.000e-01 -3.553e-12 -8.661e-11  8.668e-11
  8  12  4.000e-01  6.000e-01 -5.256e-12 -8.430e-11  8.447e-11
  8  16  4.000e-01  8.000e-01 -6.866e-12 -8.113e-11  8.142e-11
  8  20  4.000e-01  1.000e+00 -8.347e-12 -7.715e-11  7.760e-11
  8  24  4.000e-01  1.200e+00 -9.661e-12 -7.242e-11  7.306e-11
  8  28  4.000e-01  1.400e+00 -1.077e-11 -6.705e-11  6.791e-11
  8  32  4.000e-01  1.600e+00 -1.164e-11 -6.115e-11  6.225e-11
  8  36  4.000e-01  1.800e+00 -1.223e-11 -5.487e-11  5.621e-11
  8  40  4.000e-01  2.000e+00 -1.254e-11 -4.834e-11  4.994e-11
  8  44  4.000e-01  2.200e+00 -1.255e-11 -4.173e-11  4.358e-11
  8  48  4.000e-01  2.400e+00 -1.228e-11 -3.520e-11  3.728e-11
  8  52  4.000e-01  2.600e+00 -1.173e-11 -2.890e-11  3.119e-11
  8  56  4.000e-01  2.800e+00 -1.096e-11 -2.296e-11  2.544e-11
  8  60  4.000e-01  3.000e+00 -9.998e-12 -1.750e-11  2.015e-11
  8  64  4.000e-01  3.200e+00 -8.897e-12 -1.260e-11  1.542e-11
  8  68  4.000e-01  3.400e+00 -7.709e-12 -8.311e-12  1.134e-11
  8  72  4.000e-01  3.600e+00 -6.480e-12 -4.676e-12  7.991e-12
  8  76  4.000e-01  3.800e+00 -5.256e-12 -1.694e-12  5.523e-12
  8  80  4.000e-01  4.000e+00 -4.073e-12  6.501e-13  4.124e-12
  8  84  4.000e-01  4.200e+00 -2.959e-12  2.390e-12  3.803e-12
  8  88  4.000e-01  4.400e+00 -1.936e-12  3.572e-12  4.063e-12
  8  92  4.000e-01  4.600e+00 -1.020e-12  4.250e-12  4.371e-12
  8  96  4.000e-01  4.800e+00 -2.204e-13  4.486e-12  4.491e-12
  8 100  4.000e-01  5.000e+00  4.587e-13  4.341e-12  4.365e-12
  8 104  4.000e-01  5.200e+00  1.015e-12  3.881e-12  4.011e-12
  8 108  4.000e-01  5.400e+00  1.450e-12  3.167e-12  3.483e-12
  8 112  4.000e-01  5.600e+00  1.763e-12  2.265e-12  2.870e-12
  8 116  4.000e-01  5.800e+00  1.957e-12  1.235e-12  2.314e-12
  8 120  4.000e-01  6.000e+00  2.032e-12  0.000e+00  2.032e-12

 12   0  6.000e-01  0.000e+00 -0.000e+00 -9.077e-11  9.077e-11
 12   4  6.000e-01  2.000e-01 -2.742e-12 -9.025e-11  9.029e-11
 12   8  6.000e-01  4.000e-01 -5.441e-12 -8.880e-11  8.897e-11
 12  12  6.000e-01  6.000e-01 -8.054e-12 -8.641e-11  8.678e-11
 12  16  6.000e-01  8.000e-01 -1.053e-11 -8.310e-11  8.376e-11
 12  20  6.000e-01  1.000e+00 -1.282e-11 -7.893e-11  7.996e-11
 12  24  6.000e-01  1.200e+00 -1.485e-11 -7.397e-11  7.544e-11
 12  28  6.000e-01  1.400e+00 -1.657e-11 -6.831e-11  7.029e-11
 12  32  6.000e-01  1.600e+00 -1.791e-11 -6.209e-11  6.462e-11
 12  36  6.000e-01  1.800e+00 -1.884e-11 -5.544e-11  5.856e-11
 12  40  6.000e-01  2.000e+00 -1.931e-11 -4.854e-11  5.224e-11
 12  44  6.000e-01  2.200e+00 -1.932e-11 -4.155e-11  4.583e-11
 12  48  6.000e-01  2.400e+00 -1.888e-11 -3.467e-11  3.947e-11
 12  52  6.000e-01  2.600e+00 -1.801e-11 -2.805e-11  3.333e-11
 12  56  6.000e-01  2.800e+00 -1.679e-11 -2.184e-11  2.755e-11
 12  60  6.000e-01  3.000e+00 -1.528e-11 -1.617e-11  2.224e-11
 12  64  6.000e-01  3.200e+00 -1.355e-11 -1.112e-11  1.753e-11
 12  68  6.000e-01  3.400e+00 -1.169e-11 -6.762e-12  1.351e-11
 12  72  6.000e-01  3.600e+00 -9.784e-12 -3.108e-12  1.027e-11
 12  76  6.000e-01  3.800e+00 -7.889e-12 -1.598e-13  7.891e-12
 12  80  6.000e-01  4.000e+00 -6.065e-12  2.110e-12  6.422e-12
 12  84  6.000e-01  4.200e+00 -4.356e-12  3.744e-12  5.743e-12
 12  88  6.000e-01  4.400e+00 -2.793e-12  4.797e-12  5.551e-12
 12  92  6.000e-01  4.600e+00 -1.398e-12  5.332e-12  5.512e-12
 12  96  6.000e-01  4.800e+00 -1.832e-13  5.417e-12  5.420e-12
 12 100  6.000e-01  5.000e+00  8.449e-13  5.117e-12  5.187e-12
 12 104  6.000e-01  5.200e+00  1.685e-12  4.502e-12  4.807e-12
 12 108  6.000e-01  5.400e+00  2.339e-12  3.635e-12  4.323e-12
 12 112  6.000e-01  5.600e+00  2.810e-12  2.582e-12  3.816e-12
 12 116  6.000e-01  5.800e+00  3.100e-12  1.402e-12  3.403e-12
 12 120  6.000e-01  6.000e+00  3.212e-12  0.000e+00  3.212e-12

 16   0  8.000e-01  0.000e+00 -0.000e+00 -9.401e-11  9.401e-11
 16   4  8.000e-01  2.000e-01 -3.733e-12 -9.347e-11  9.354e-11
 16   8  8.000e-01  4.000e-01 -7.415e-12 -9.195e-11  9.225e-11
 16  12  8.000e-01  6.000e-01 -1.099e-11 -8.943e-11  9.010e-11
 16  16  8.000e-01  8.000e-01 -1.439e-11 -8.593e-11  8.713e-11
 16  20  8.000e-01  1.000e+00 -1.754e-11 -8.150e-11  8.337e-11
 16  24  8.000e-01  1.200e+00 -2.035e-11 -7.621e-11  7.888e-11
 16  28  8.000e-01  1.400e+00 -2.274e-11 -7.015e-11  7.374e-11
 16  32  8.000e-01  1.600e+00 -2.462e-11 -6.345e-11  6.806e-11
 16  36  8.000e-01  1.800e+00 -2.590e-11 -5.628e-11  6.196e-11
 16  40  8.000e-01  2.000e+00 -2.655e-11 -4.882e-11  5.558e-11
 16  44  8.000e-01  2.200e+00 -2.655e-11 -4.128e-11  4.908e-11
 16  48  8.000e-01  2.400e+00 -2.590e-11 -3.386e-11  4.263e-11
 16  52  8.000e-01  2.600e+00 -2.466e-11 -2.677e-11  3.640e-11
 16  56  8.000e-01  2.800e+00 -2.291e-11 -2.017e-11  3.053e-11
 16  60  8.000e-01  3.000e+00 -2.076e-11 -1.421e-11  2.516e-11
 16  64  8.000e-01  3.200e+00 -1.833e-11 -8.964e-12  2.040e-11
 16  68  8.000e-01  3.400e+00 -1.573e-11 -4.501e-12  1.636e-11
 16  72  8.000e-01  3.600e+00 -1.307e-11 -8.327e-13  1.310e-11
 16  76  8.000e-01  3.800e+00 -1.045e-11  2.056e-12  1.065e-11
 16  80  8.000e-01  4.000e+00 -7.941e-12  4.207e-12  8.987e-12
 16  84  8.000e-01  4.200e+00 -5.604e-12  5.679e-12  7.979e-12
 16  88  8.000e-01  4.400e+00 -3.480e-12  6.540e-12  7.408e-12
 16  92  8.000e-01  4.600e+00 -1.593e-12  6.866e-12  7.048e-12
 16  96  8.000e-01  4.800e+00  4.122e-14  6.730e-12  6.731e-12
 16 100  8.000e-01  5.000e+00  1.419e-12  6.209e-12  6.369e-12
 16 104  8.000e-01  5.200e+00  2.542e-12  5.373e-12  5.944e-12
 16 108  8.000e-01  5.400e+00  3.413e-12  4.290e-12  5.482e-12
 16 112  8.000e-01  5.600e+00  4.038e-12  3.024e-12  5.045e-12
 16 116  8.000e-01  5.800e+00  4.422e-12  1.635e-12  4.715e-12
 16 120  8.000e-01  6.000e+00  4.570e-12  0.000e+00  4.570e-12

 20   0  1.000e+00  0.000e+00 -0.000e+00 -9.827e-11  9.827e-11
 20   4  1.000e+00  2.000e-01 -4.776e-12 -9.770e-11  9.782e-11
 20   8  1.000e+00  4.000e-01 -9.496e-12 -9.610e-11  9.656e-11
 20  12  1.000e+00  6.000e-01 -1.409e-11 -9.342e-11  9.448e-11
 20  16  1.000e+00  8.000e-01 -1.849e-11 -8.970e-11  9.159e-11
 20  20  1.000e+00  1.000e+00 -2.259e-11 -8.495e-11  8.790e-11
 20  24  1.000e+00  1.200e+00 -2.628e-11 -7.923e-11  8.347e-11
 20  28  1.000e+00  1.400e+00 -2.943e-11 -7.263e-11  7.836e-11
 20  32  1.000e+00  1.600e+00 -3.191e-11 -6.530e-11  7.267e-11
 20  36  1.000e+00  1.800e+00 -3.361e-11 -5.741e-11  6.652e-11
 20  40  1.000e+00  2.000e+00 -3.446e-11 -4.918e-11  6.005e-11
 20  44  1.000e+00  2.200e+00 -3.442e-11 -4.088e-11  5.344e-11
 20  48  1.000e+00  2.400e+00 -3.351e-11 -3.273e-11  4.685e-11
 20  52  1.000e+00  2.600e+00 -3.181e-11 -2.500e-11  4.046e-11
 20  56  1.000e+00  2.800e+00 -2.944e-11 -1.787e-11  3.444e-11
 20  60  1.000e+00  3.000e+00 -2.654e-11 -1.151e-11  2.893e-11
 20  64  1.000e+00  3.200e+00 -2.328e-11 -6.018e-12  2.404e-11
 20  68  1.000e+00  3.400e+00 -1.982e-11 -1.439e-12  1.988e-11
 20  72  1.000e+00  3.600e+00 -1.632e-11  2.226e-12  1.647e-11
 20  76  1.000e+00  3.800e+00 -1.289e-11  5.013e-12  1.383e-11
 20  80  1.000e+00  4.000e+00 -9.643e-12  6.986e-12  1.191e-11
 20  84  1.000e+00  4.200e+00 -6.639e-12  8.226e-12  1.057e-11
 20  88  1.000e+00  4.400e+00 -3.927e-12  8.820e-12  9.655e-12
 20  92  1.000e+00  4.600e+00 -1.536e-12  8.859e-12  8.991e-12
 20  96  1.000e+00  4.800e+00  5.232e-13  8.430e-12  8.446e-12
 20 100  1.000e+00  5.000e+00  2.250e-12  7.616e-12  7.941e-12
 20 104  1.000e+00  5.200e+00  3.649e-12  6.492e-12  7.447e-12
 20 108  1.000e+00  5.400e+00  4.731e-12  5.128e-12  6.977e-12
 20 112  1.000e+00  5.600e+00  5.506e-12  3.589e-12  6.572e-12
 20 116  1.000e+00  5.800e+00  5.981e-12  1.933e-12  6.286e-12
 20 120  1.000e+00  6.000e+00  6.163e-12  0.000e+00  6.163e-12

 24   0  1.200e+00  0.000e+00 -0.000e+00 -1.036e-10  1.036e-10
 24   4  1.200e+00  2.000e-01 -5.874e-12 -1.030e-10  1.032e-10
 24   8  1.200e+00  4.000e-01 -1.170e-11 -1.013e-10  1.020e-10
 24  12  1.200e+00  6.000e-01 -1.740e-11 -9.848e-11  1.000e-10
 24  16  1.200e+00  8.000e-01 -2.289e-11 -9.450e-11  9.723e-11
 24  20  1.200e+00  1.000e+00 -2.806e-11 -8.937e-11  9.367e-11
 24  24  1.200e+00  1.200e+00 -3.275e-11 -8.312e-11  8.934e-11
 24  28  1.200e+00  1.400e+00 -3.678e-11 -7.585e-11  8.430e-11
 24  32  1.200e+00  1.600e+00 -3.998e-11 -6.770e-11  7.862e-11
 24  36  1.200e+00  1.800e+00 -4.218e-11 -5.887e-11  7.242e-11
 24  40  1.200e+00  2.000e+00 -4.326e-11 -4.964e-11  6.584e-11
 24  44  1.200e+00  2.200e+00 -4.317e-11 -4.030e-11  5.906e-11
 24  48  1.200e+00  2.400e+00 -4.193e-11 -3.119e-11  5.226e-11
 24  52  1.200e+00  2.600e+00 -3.964e-11 -2.261e-11  4.564e-11
 24  56  1.200e+00  2.800e+00 -3.649e-11 -1.480e-11  3.937e-11
 24  60  1.200e+00  3.000e+00 -3.267e-11 -7.943e-12  3.362e-11
 24  64  1.200e+00  3.200e+00 -2.842e-11 -2.151e-12  2.850e-11
 24  68  1.200e+00  3.400e+00 -2.396e-11  2.543e-12  2.409e-11
 24  72  1.200e+00  3.600e+00 -1.949e-11  6.166e-12  2.044e-11
 24  76  1.200e+00  3.800e+00 -1.516e-11  8.786e-12  1.752e-11
 24  80  1.200e+00  4.000e+00 -1.109e-11  1.050e-11  1.528e-11
 24  84  1.200e+00  4.200e+00 -7.376e-12  1.142e-11  1.359e-11
 24  88  1.200e+00  4.400e+00 -4.052e-12  1.165e-11  1.234e-11
 24  92  1.200e+00  4.600e+00 -1.145e-12  1.132e-11  1.138e-11
 24  96  1.200e+00  4.800e+00  1.339e-12  1.051e-11  1.060e-11
 24 100  1.200e+00  5.000e+00  3.408e-12  9.330e-12  9.933e-12
 24 104  1.200e+00  5.200e+00  5.075e-12  7.849e-12  9.347e-12
 24 108  1.200e+00  5.400e+00  6.358e-12  6.141e-12  8.839e-12
 24 112  1.200e+00  5.600e+00  7.273e-12  4.269e-12  8.433e-12
 24 116  1.200e+00  5.800e+00  7.833e-12  2.290e-12  8.161e-12
 24 120  1.200e+00  6.000e+00  8.047e-12  0.000e+00  8.047e-12

 28   0  1.400e+00  0.000e+00 -0.000e+00 -1.101e-10  1.101e-10
 28   4  1.400e+00  2.000e-01 -7.022e-12 -1.094e-10  1.097e-10
 28   8  1.400e+00  4.000e-01 -1.401e-11 -1.077e-10  1.086e-10
 28  12  1.400e+00  6.000e-01 -2.090e-11 -1.047e-10  1.068e-10
 28  16  1.400e+00  8.000e-01 -2.762e-11 -1.004e-10  1.042e-10
 28  20  1.400e+00  1.000e+00 -3.400e-11 -9.490e-11  1.008e-10
 28  24  1.400e+00  1.200e+00 -3.987e-11 -8.806e-11  9.666e-11
 28  28  1.400e+00  1.400e+00 -4.497e-11 -7.997e-11  9.175e-11
 28  32  1.400e+00  1.600e+00 -4.906e-11 -7.079e-11  8.612e-11
 28  36  1.400e+00  1.800e+00 -5.188e-11 -6.075e-11  7.988e-11
 28  40  1.400e+00  2.000e+00 -5.325e-11 -5.018e-11  7.317e-11
 28  44  1.400e+00  2.200e+00 -5.308e-11 -3.950e-11  6.617e-11
 28  48  1.400e+00  2.400e+00 -5.140e-11 -2.912e-11  5.908e-11
 28  52  1.400e+00  2.600e+00 -4.836e-11 -1.943e-11  5.212e-11
 28  56  1.400e+00  2.800e+00 -4.420e-11 -1.075e-11  4.549e-11
 28  60  1.400e+00  3.000e+00 -3.923e-11 -3.300e-12  3.937e-11
 28  64  1.400e+00  3.200e+00 -3.376e-11  2.822e-12  3.388e-11
 28  68  1.400e+00  3.400e+00 -2.810e-11  7.604e-12  2.912e-11
 28  72  1.400e+00  3.600e+00 -2.250e-11  1.111e-11  2.510e-11
 28  76  1.400e+00  3.800e+00 -1.715e-11  1.347e-11  2.181e-11
 28  80  1.400e+00  4.000e+00 -1.220e-11  1.481e-11  1.918e-11
 28  84  1.400e+00  4.200e+00 -7.715e-12  1.529e-11  1.713e-11
 28  88  1.400e+00  4.400e+00 -3.755e-12  1.506e-11  1.552e-11
 28  92  1.400e+00  4.600e+00 -3.293e-13  1.425e-11  1.425e-11
 28  96  1.400e+00  4.800e+00  2.571e-12  1.297e-11  1.323e-11
 28 100  1.400e+00  5.000e+00  4.967e-12  1.134e-11  1.238e-11
 28 104  1.400e+00  5.200e+00  6.885e-12  9.431e-12  1.168e-11
 28 108  1.400e+00  5.400e+00  8.352e-12  7.316e-12  1.110e-11
 28 112  1.400e+00  5.600e+00  9.393e-12  5.056e-12  1.067e-11
 28 116  1.400e+00  5.800e+00  1.003e-11  2.703e-12  1.039e-11
 28 120  1.400e+00  6.000e+00  1.027e-11  0.000e+00  1.027e-11

 32   0  1.600e+00  0.000e+00 -0.000e+00 -1.177e-10  1.177e-10
 32   4  1.600e+00  2.000e-01 -8.203e-12 -1.170e-10  1.173e-10
 32   8  1.600e+00  4.000e-01 -1.641e-11 -1.152e-10  1.164e-10
 32  12  1.600e+00  6.000e-01 -2.459e-11 -1.122e-10  1.148e-10
 32  16  1.600e+00  8.000e-01 -3.266e-11 -1.077e-10  1.125e-10
 32  20  1.600e+00  1.000e+00 -4.046e-11 -1.018e-10  1.095e-10
 32  24  1.600e+00  1.200e+00 -4.774e-11 -9.425e-11  1.057e-10
 32  28  1.600e+00  1.400e+00 -5.419e-11 -8.521e-11  1.010e-10
 32  32  1.600e+00  1.600e+00 -5.941e-11 -7.475e-11  9.548e-11
 32  36  1.600e+00  1.800e+00 -6.304e-11 -6.315e-11  8.923e-11
 32  40  1.600e+00  2.000e+00 -6.480e-11 -5.086e-11  8.237e-11
 32  44  1.600e+00  2.200e+00 -6.452e-11 -3.840e-11  7.508e-11
 32  48  1.600e+00  2.400e+00 -6.225e-11 -2.634e-11  6.759e-11
 32  52  1.600e+00  2.600e+00 -5.820e-11 -1.523e-11  6.016e-11
 32  56  1.600e+00  2.800e+00 -5.273e-11 -5.467e-12  5.301e-11
 32  60  1.600e+00  3.000e+00 -4.628e-11  2.690e-12  4.636e-11
 32  64  1.600e+00  3.200e+00 -3.930e-11  9.148e-12  4.035e-11
 32  68  1.600e+00  3.400e+00 -3.218e-11  1.395e-11  3.507e-11
 32  72  1.600e+00  3.600e+00 -2.526e-11  1.722e-11  3.057e-11
 32  76  1.600e+00  3.800e+00 -1.875e-11  1.916e-11  2.681e-11
 32  80  1.600e+00  4.000e+00 -1.281e-11  1.998e-11  2.373e-11
 32  84  1.600e+00  4.200e+00 -7.529e-12  1.987e-11  2.125e-11
 32  88  1.600e+00  4.400e+00 -2.922e-12  1.904e-11  1.926e-11
 32  92  1.600e+00  4.600e+00  1.014e-12  1.764e-11  1.766e-11
 32  96  1.600e+00  4.800e+00  4.309e-12  1.579e-11  1.637e-11
 32 100  1.600e+00  5.000e+00  7.004e-12  1.363e-11  1.532e-11
 32 104  1.600e+00  5.200e+00  9.144e-12  1.122e-11  1.447e-11
 32 108  1.600e+00  5.400e+00  1.077e-11  8.636e-12  1.380e-11
 32 112  1.600e+00  5.600e+00  1.192e-11  5.936e-12  1.332e-11
 32 116  1.600e+00  5.800e+00  1.262e-11  3.163e-12  1.301e-11
 32 120  1.600e+00  6.000e+00  1.288e-11  0.000e+00  1.288e-11

 36   0  1.800e+00  0.000e+00 -0.000e+00 -1.265e-10  1.265e-10
 36   4  1.800e+00  2.000e-01 -9.377e-12 -1.258e-10  1.262e-10
 36   8  1.800e+00  4.000e-01 -1.882e-11 -1.241e-10  1.255e-10
 36  12  1.800e+00  6.000e-01 -2.837e-11 -1.210e-10  1.243e-10
 36  16  1.800e+00  8.000e-01 -3.795e-11 -1.164e-10  1.225e-10
 36  20  1.800e+00  1.000e+00 -4.742e-11 -1.102e-10  1.199e-10
 36  24  1.800e+00  1.200e+00 -5.646e-11 -1.020e-10  1.166e-10
 36  28  1.800e+00  1.400e+00 -6.462e-11 -9.188e-11  1.123e-10
 36  32  1.800e+00  1.600e+00 -7.136e-11 -7.986e-11  1.071e-10
 36  36  1.800e+00  1.800e+00 -7.611e-11 -6.628e-11  1.009e-10
 36  40  1.800e+00  2.000e+00 -7.840e-11 -5.170e-11  9.392e-11
 36  44  1.800e+00  2.200e+00 -7.799e-11 -3.687e-11  8.627e-11
 36  48  1.800e+00  2.400e+00 -7.490e-11 -2.261e-11  7.824e-11
 36  52  1.800e+00  2.600e+00 -6.947e-11 -9.653e-12  7.014e-11
 36  56  1.800e+00  2.800e+00 -6.224e-11  1.450e-12  6.226e-11
 36  60  1.800e+00  3.000e+00 -5.386e-11  1.040e-11  5.485e-11
 36  64  1.800e+00  3.200e+00 -4.495e-11  1.715e-11  4.811e-11
 36  68  1.800e+00  3.400e+00 -3.606e-11  2.182e-11  4.215e-11
 36  72  1.800e+00  3.600e+00 -2.757e-11  2.466e-11  3.700e-11
 36  76  1.800e+00  3.800e+00 -1.976e-11  2.598e-11  3.264e-11
 36  80  1.800e+00  4.000e+00 -1.277e-11  2.606e-11  2.902e-11
 36  84  1.800e+00  4.200e+00 -6.658e-12  2.519e-11  2.605e-11
 36  88  1.800e+00  4.400e+00 -1.415e-12  2.359e-11  2.363e-11
 36  92  1.800e+00  4.600e+00  3.000e-12  2.146e-11  2.166e-11
 36  96  1.800e+00  4.800e+00  6.647e-12  1.894e-11  2.007e-11
 36 100  1.800e+00  5.000e+00  9.597e-12  1.615e-11  1.879e-11
 36 104  1.800e+00  5.200e+00  1.192e-11  1.317e-11  1.776e-11
 36 108  1.800e+00  5.400e+00  1.367e-11  1.007e-11  1.698e-11
 36 112  1.800e+00  5.600e+00  1.489e-11  6.889e-12  1.641e-11
 36 116  1.800e+00  5.800e+00  1.564e-11  3.660e-12  1.606e-11
 36 120  1.800e+00  6.000e+00  1.592e-11  0.000e+00  1.592e-11

 40   0  2.000e+00  0.000e+00 -0.000e+00 -1.364e-10  1.364e-10
 40   4  2.000e+00  2.000e-01 -1.048e-11 -1.358e-10  1.362e-10
 40   8  2.000e+00  4.000e-01 -2.113e-11 -1.342e-10  1.359e-10
 40  12  2.000e+00  6.000e-01 -3.208e-11 -1.314e-10  1.352e-10
 40  16  2.000e+00  8.000e-01 -4.335e-11 -1.269e-10  1.341e-10
 40  20  2.000e+00  1.000e+00 -5.479e-11 -1.205e-10  1.324e-10
 40  24  2.000e+00  1.200e+00 -6.603e-11 -1.118e-10  1.298e-10
 40  28  2.000e+00  1.400e+00 -7.647e-11 -1.005e-10  1.263e-10
 40  32  2.000e+00  1.600e+00 -8.531e-11 -8.658e-11  1.215e-10
 40  36  2.000e+00  1.800e+00 -9.167e-11 -7.044e-11  1.156e-10
 40  40  2.000e+00  2.000e+00 -9.477e-11 -5.281e-11  1.085e-10
 40  44  2.000e+00  2.200e+00 -9.417e-11 -3.477e-11  1.004e-10
 40  48  2.000e+00  2.400e+00 -8.993e-11 -1.754e-11  9.162e-11
 40  52  2.000e+00  2.600e+00 -8.255e-11 -2.179e-12  8.258e-11
 40  56  2.000e+00  2.800e+00 -7.290e-11  1.056e-11  7.366e-11
 40  60  2.000e+00  3.000e+00 -6.194e-11  2.035e-11  6.520e-11
 40  64  2.000e+00  3.200e+00 -5.057e-11  2.724e-11  5.744e-11
 40  68  2.000e+00  3.400e+00 -3.950e-11  3.153e-11  5.054e-11
 40  72  2.000e+00  3.600e+00 -2.920e-11  3.364e-11  4.455e-11
 40  76  2.000e+00  3.800e+00 -1.995e-11  3.402e-11  3.944e-11
 40  80  2.000e+00  4.000e+00 -1.185e-11  3.310e-11  3.515e-11
 40  84  2.000e+00  4.200e+00 -4.911e-12  3.122e-11  3.160e-11
 40  88  2.000e+00  4.400e+00  9.245e-13  2.866e-11  2.868e-11
 40  92  2.000e+00  4.600e+00  5.753e-12  2.566e-11  2.629e-11
 40  96  2.000e+00  4.800e+00  9.683e-12  2.235e-11  2.436e-11
 40 100  2.000e+00  5.000e+00  1.282e-11  1.885e-11  2.280e-11
 40 104  2.000e+00  5.200e+00  1.526e-11  1.525e-11  2.157e-11
 40 108  2.000e+00  5.400e+00  1.708e-11  1.159e-11  2.064e-11
 40 112  2.000e+00  5.600e+00  1.835e-11  7.889e-12  1.997e-11
 40 116  2.000e+00  5.800e+00  1.912e-11  4.179e-12  1.957e-11
 40 120  2.000e+00  6.000e+00  1.941e-11  0.000e+00  1.941e-11

 44   0  2.200e+00  0.000e+00 -0.000e+00 -1.473e-10  1.473e-10
 44   4  2.200e+00  2.000e-01 -1.139e-11 -1.469e-10  1.473e-10
 44   8  2.200e+00  4.000e-01 -2.312e-11 -1.456e-10  1.475e-10
 44  12  2.200e+00  6.000e-01 -3.545e-11 -1.433e-10  1.476e-10
 44  16  2.200e+00  8.000e-01 -4.855e-11 -1.393e-10  1.475e-10
 44  20  2.200e+00  1.000e+00 -6.231e-11 -1.332e-10  1.470e-10
 44  24  2.200e+00  1.200e+00 -7.636e-11 -1.241e-10  1.457e-10
 44  28  2.200e+00  1.400e+00 -8.990e-11 -1.117e-10  1.434e-10
 44  32  2.200e+00  1.600e+00 -1.018e-10 -9.561e-11  1.396e-10
 44  36  2.200e+00  1.800e+00 -1.105e-10 -7.615e-11  1.342e-10
 44  40  2.200e+00  2.000e+00 -1.149e-10 -5.435e-11  1.271e-10
 44  44  2.200e+00  2.200e+00 -1.141e-10 -3.185e-11  1.185e-10
 44  48  2.200e+00  2.400e+00 -1.081e-10 -1.053e-11  1.087e-10
 44  52  2.200e+00  2.600e+00 -9.793e-11  7.982e-12  9.826e-11
 44  56  2.200e+00  2.800e+00 -8.485e-11  2.267e-11  8.782e-11
 44  60  2.200e+00  3.000e+00 -7.040e-11  3.324e-11  7.785e-11
 44  64  2.200e+00  3.200e+00 -5.586e-11  3.996e-11  6.868e-11
 44  68  2.200e+00  3.400e+00 -4.214e-11  4.342e-11  6.051e-11
 44  72  2.200e+00  3.600e+00 -2.976e-11  4.433e-11  5.340e-11
 44  76  2.200e+00  3.800e+00 -1.895e-11  4.336e-11  4.732e-11
 44  80  2.200e+00  4.000e+00 -9.749e-12  4.107e-11  4.221e-11
 44  84  2.200e+00  4.200e+00 -2.057e-12  3.791e-11  3.796e-11
 44  88  2.200e+00  4.400e+00  4.272e-12  3.419e-11  3.445e-11
 44  92  2.200e+00  4.600e+00  9.406e-12  3.015e-11  3.158e-11
 44  96  2.200e+00  4.800e+00  1.351e-11  2.594e-11  2.925e-11
 44 100  2.200e+00  5.000e+00  1.674e-11  2.167e-11  2.738e-11
 44 104  2.200e+00  5.200e+00  1.921e-11  1.739e-11  2.591e-11
 44 108  2.200e+00  5.400e+00  2.104e-11  1.313e-11  2.480e-11
 44 112  2.200e+00  5.600e+00  2.231e-11  8.901e-12  2.402e-11
 44 116  2.200e+00  5.800e+00  2.307e-11  4.703e-12  2.354e-11
 44 120  2.200e+00  6.000e+00  2.335e-11  0.000e+00  2.335e-11

 48   0  2.400e+00  0.000e+00 -0.000e+00 -1.589e-10  1.589e-10
 48   4  2.400e+00  2.000e-01 -1.196e-11 -1.587e-10  1.592e-10
 48   8  2.400e+00  4.000e-01 -2.447e-11 -1.582e-10  1.600e-10
 48  12  2.400e+00  6.000e-01 -3.804e-11 -1.568e-10  1.613e-10
 48  16  2.400e+00  8.000e-01 -5.302e-11 -1.539e-10  1.628e-10
 48  20  2.400e+00  1.000e+00 -6.950e-11 -1.487e-10  1.641e-10
 48  24  2.400e+00  1.200e+00 -8.714e-11 -1.400e-10  1.649e-10
 48  28  2.400e+00  1.400e+00 -1.050e-10 -1.267e-10  1.646e-10
 48  32  2.400e+00  1.600e+00 -1.213e-10 -1.081e-10  1.625e-10
 48  36  2.400e+00  1.800e+00 -1.339e-10 -8.430e-11  1.582e-10
 48  40  2.400e+00  2.000e+00 -1.404e-10 -5.663e-11  1.514e-10
 48  44  2.400e+00  2.200e+00 -1.393e-10 -2.770e-11  1.420e-10
 48  48  2.400e+00  2.400e+00 -1.307e-10 -6.030e-13  1.307e-10
 48  52  2.400e+00  2.600e+00 -1.162e-10  2.208e-11  1.183e-10
 48  56  2.400e+00  2.800e+00 -9.812e-11  3.899e-11  1.056e-10
 48  60  2.400e+00  3.000e+00 -7.889e-11  5.003e-11  9.341e-11
 48  64  2.400e+00  3.200e+00 -6.028e-11  5.594e-11  8.224e-11
 48  68  2.400e+00  3.400e+00 -4.339e-11  5.785e-11  7.232e-11
 48  72  2.400e+00  3.600e+00 -2.871e-11  5.689e-11  6.373e-11
 48  76  2.400e+00  3.800e+00 -1.634e-11  5.400e-11  5.642e-11
 48  80  2.400e+00  4.000e+00 -6.129e-12  4.991e-11  5.029e-11
 48  84  2.400e+00  4.200e+00  2.164e-12  4.513e-11  4.518e-11
 48  88  2.400e+00  4.400e+00  8.813e-12  4.002e-11  4.098e-11
 48  92  2.400e+00  4.600e+00  1.408e-11  3.479e-11  3.754e-11
 48  96  2.400e+00  4.800e+00  1.821e-11  2.959e-11  3.475e-11
 48 100  2.400e+00  5.000e+00  2.140e-11  2.448e-11  3.252e-11
 48 104  2.400e+00  5.200e+00  2.381e-11  1.950e-11  3.077e-11
 48 108  2.400e+00  5.400e+00  2.557e-11  1.464e-11  2.946e-11
 48 112  2.400e+00  5.600e+00  2.677e-11  9.884e-12  2.854e-11
 48 116  2.400e+00  5.800e+00  2.748e-11  5.209e-12  2.797e-11
 48 120  2.400e+00  6.000e+00  2.775e-11  0.000e+00  2.775e-11

 52   0  2.600e+00  0.000e+00 -0.000e+00 -1.708e-10  1.708e-10
 52   4  2.600e+00  2.000e-01 -1.196e-11 -1.710e-10  1.714e-10
 52   8  2.600e+00  4.000e-01 -2.475e-11 -1.714e-10  1.732e-10
 52  12  2.600e+00  6.000e-01 -3.917e-11 -1.716e-10  1.761e-10
 52  16  2.600e+00  8.000e-01 -5.591e-11 -1.708e-10  1.797e-10
 52  20  2.600e+00  1.000e+00 -7.542e-11 -1.677e-10  1.838e-10
 52  24  2.600e+00  1.200e+00 -9.760e-11 -1.605e-10  1.878e-10
 52  28  2.600e+00  1.400e+00 -1.215e-10 -1.472e-10  1.908e-10
 52  32  2.600e+00  1.600e+00 -1.447e-10 -1.261e-10  1.919e-10
 52  36  2.600e+00  1.800e+00 -1.635e-10 -9.650e-11  1.898e-10
 52  40  2.600e+00  2.000e+00 -1.736e-10 -6.025e-11  1.838e-10
 52  44  2.600e+00  2.200e+00 -1.722e-10 -2.163e-11  1.736e-10
 52  48  2.600e+00  2.400e+00 -1.593e-10  1.394e-11  1.600e-10
 52  52  2.600e+00  2.600e+00 -1.380e-10  4.217e-11  1.443e-10
 52  56  2.600e+00  2.800e+00 -1.125e-10  6.133e-11  1.281e-10
 52  60  2.600e+00  3.000e+00 -8.662e-11  7.198e-11  1.126e-10
 52  64  2.600e+00  3.200e+00 -6.288e-11  7.592e-11  9.858e-11
 52  68  2.600e+00  3.400e+00 -4.237e-11  7.514e-11  8.626e-11
 52  72  2.600e+00  3.600e+00 -2.533e-11  7.134e-11  7.571e-11
 52  76  2.600e+00  3.800e+00 -1.155e-11  6.581e-11  6.682e-11
 52  80  2.600e+00  4.000e+00 -5.877e-13  5.941e-11  5.941e-11
 52  84  2.600e+00  4.200e+00  8.025e-12  5.268e-11  5.328e-11
 52  88  2.600e+00  4.400e+00  1.473e-11  4.595e-11  4.825e-11
 52  92  2.600e+00  4.600e+00  1.990e-11  3.941e-11  4.415e-11
 52  96  2.600e+00  4.800e+00  2.385e-11  3.314e-11  4.083e-11
 52 100  2.600e+00  5.000e+00  2.684e-11  2.717e-11  3.819e-11
 52 104  2.600e+00  5.200e+00  2.905e-11  2.148e-11  3.613e-11
 52 108  2.600e+00  5.400e+00  3.064e-11  1.604e-11  3.458e-11
 52 112  2.600e+00  5.600e+00  3.171e-11  1.079e-11  3.350e-11
 52 116  2.600e+00  5.800e+00  3.235e-11  5.672e-12  3.284e-11
 52 120  2.600e+00  6.000e+00  3.258e-11  0.000e+00  3.258e-11

 56   0  2.800e+00  0.000e+00 -0.000e+00 -1.823e-10  1.823e-10
 56   4  2.800e+00  2.000e-01 -1.113e-11 -1.830e-10  1.833e-10
 56   8  2.800e+00  4.000e-01 -2.340e-11 -1.849e-10  1.864e-10
 56  12  2.800e+00  6.000e-01 -3.795e-11 -1.875e-10  1.913e-10
 56  16  2.800e+00  8.000e-01 -5.597e-11 -1.900e-10  1.980e-10
 56  20  2.800e+00  1.000e+00 -7.851e-11 -1.906e-10  2.062e-10
 56  24  2.800e+00  1.200e+00 -1.062e-10 -1.870e-10  2.151e-10
 56  28  2.800e+00  1.400e+00 -1.384e-10 -1.757e-10  2.236e-10
 56  32  2.800e+00  1.600e+00 -1.723e-10 -1.528e-10  2.303e-10
 56  36  2.800e+00  1.800e+00 -2.019e-10 -1.158e-10  2.327e-10
 56  40  2.800e+00  2.000e+00 -2.190e-10 -6.647e-11  2.288e-10
 56  44  2.800e+00  2.200e+00 -2.172e-10 -1.229e-11  2.176e-10
 56  48  2.800e+00  2.400e+00 -1.967e-10  3.627e-11  2.000e-10
 56  52  2.800e+00  2.600e+00 -1.638e-10  7.171e-11  1.788e-10
 56  56  2.800e+00  2.800e+00 -1.269e-10  9.234e-11  1.570e-10
 56  60  2.800e+00  3.000e+00 -9.205e-11  1.007e-10  1.364e-10
 56  64  2.800e+00  3.200e+00 -6.211e-11  1.006e-10  1.182e-10
 56  68  2.800e+00  3.400e+00 -3.779e-11  9.535e-11  1.026e-10
 56  72  2.800e+00  3.600e+00 -1.867e-11  8.747e-11  8.944e-11
 56  76  2.800e+00  3.800e+00 -3.934e-12  7.845e-11  7.855e-11
 56  80  2.800e+00  4.000e+00  7.297e-12  6.920e-11  6.958e-11
 56  84  2.800e+00  4.200e+00  1.579e-11  6.019e-11  6.223e-11
 56  88  2.800e+00  4.400e+00  2.216e-11  5.168e-11  5.623e-11
 56  92  2.800e+00  4.600e+00  2.692e-11  4.374e-11  5.137e-11
 56  96  2.800e+00  4.800e+00  3.045e-11  3.639e-11  4.745e-11
 56 100  2.800e+00  5.000e+00  3.304e-11  2.957e-11  4.434e-11
 56 104  2.800e+00  5.200e+00  3.491e-11  2.322e-11  4.193e-11
 56 108  2.800e+00  5.400e+00  3.622e-11  1.724e-11  4.012e-11
 56 112  2.800e+00  5.600e+00  3.709e-11  1.155e-11  3.885e-11
 56 116  2.800e+00  5.800e+00  3.760e-11  6.061e-12  3.808e-11
 56 120  2.800e+00  6.000e+00  3.779e-11  0.000e+00  3.779e-11

 60   0  3.000e+00  0.000e+00 -0.000e+00 -1.923e-10  1.923e-10
 60   4  3.000e+00  2.000e-01 -9.170e-12 -1.937e-10  1.939e-10
 60   8  3.000e+00  4.000e-01 -1.975e-11 -1.975e-10  1.985e-10
 60  12  3.000e+00  6.000e-01 -3.326e-11 -2.035e-10  2.062e-10
 60  16  3.000e+00  8.000e-01 -5.145e-11 -2.108e-10  2.170e-10
 60  20  3.000e+00  1.000e+00 -7.632e-11 -2.177e-10  2.307e-10
 60  24  3.000e+00  1.200e+00 -1.098e-10 -2.212e-10  2.470e-10
 60  28  3.000e+00  1.400e+00 -1.530e-10 -2.160e-10  2.647e-10
 60  32  3.000e+00  1.600e+00 -2.037e-10 -1.944e-10  2.816e-10
 60  36  3.000e+00  1.800e+00 -2.530e-10 -1.486e-10  2.934e-10
 60  40  3.000e+00  2.000e+00 -2.843e-10 -7.805e-11  2.948e-10
 60  44  3.000e+00  2.200e+00 -2.821e-10  3.215e-12  2.821e-10
 60  48  3.000e+00  2.400e+00 -2.465e-10  7.276e-11  2.570e-10
 60  52  3.000e+00  2.600e+00 -1.932e-10  1.167e-10  2.258e-10
 60  56  3.000e+00  2.800e+00 -1.388e-10  1.358e-10  1.942e-10
 60  60  3.000e+00  3.000e+00 -9.219e-11  1.377e-10  1.658e-10
 60  64  3.000e+00  3.200e+00 -5.554e-11  1.301e-10  1.415e-10
 60  68  3.000e+00  3.400e+00 -2.796e-11  1.181e-10  1.214e-10
 60  72  3.000e+00  3.600e+00 -7.639e-12  1.046e-10  1.049e-10
 60  76  3.000e+00  3.800e+00  7.173e-12  9.127e-11  9.155e-11
 60  80  3.000e+00  4.000e+00  1.790e-11  7.869e-11  8.070e-11
 60  84  3.000e+00  4.200e+00  2.564e-11  6.719e-11  7.192e-11
 60  88  3.000e+00  4.400e+00  3.120e-11  5.681e-11  6.482e-11
 60  92  3.000e+00  4.600e+00  3.517e-11  4.749e-11  5.909e-11
 60  96  3.000e+00  4.800e+00  3.798e-11  3.910e-11  5.451e-11
 60 100  3.000e+00  5.000e+00  3.996e-11  3.151e-11  5.089e-11
 60 104  3.000e+00  5.200e+00  4.132e-11  2.458e-11  4.808e-11
 60 108  3.000e+00  5.400e+00  4.224e-11  1.816e-11  4.598e-11
 60 112  3.000e+00  5.600e+00  4.283e-11  1.212e-11  4.451e-11
 60 116  3.000e+00  5.800e+00  4.316e-11  6.346e-12  4.363e-11
 60 120  3.000e+00  6.000e+00  4.329e-11  0.000e+00  4.329e-11

 64   0  3.200e+00  0.000e+00 -0.000e+00 -1.996e-10  1.996e-10
 64   4  3.200e+00  2.000e-01 -5.823e-12 -2.018e-10  2.019e-10
 64   8  3.200e+00  4.000e-01 -1.320e-11 -2.080e-10  2.084e-10
 64  12  3.200e+00  6.000e-01 -2.392e-11 -2.181e-10  2.194e-10
 64  16  3.200e+00  8.000e-01 -4.027e-11 -2.317e-10  2.352e-10
 64  20  3.200e+00  1.000e+00 -6.537e-11 -2.479e-10  2.563e-10
 64  24  3.200e+00  1.200e+00 -1.034e-10 -2.636e-10  2.832e-10
 64  28  3.200e+00  1.400e+00 -1.591e-10 -2.725e-10  3.155e-10
 64  32  3.200e+00  1.600e+00 -2.351e-10 -2.611e-10  3.513e-10
 64  36  3.200e+00  1.800e+00 -3.221e-10 -2.088e-10  3.838e-10
 64  40  3.200e+00  2.000e+00 -3.861e-10 -1.021e-10  3.994e-10
 64  44  3.200e+00  2.200e+00 -3.833e-10  3.222e-11  3.847e-10
 64  48  3.200e+00  2.400e+00 -3.140e-10  1.375e-10  3.428e-10
 64  52  3.200e+00  2.600e+00 -2.223e-10  1.877e-10  2.909e-10
 64  56  3.200e+00  2.800e+00 -1.419e-10  1.963e-10  2.422e-10
 64  60  3.200e+00  3.000e+00 -8.191e-11  1.839e-10  2.013e-10
 64  64  3.200e+00  3.200e+00 -3.981e-11  1.637e-10  1.685e-10
 64  68  3.200e+00  3.400e+00 -1.089e-11  1.421e-10  1.425e-10
 64  72  3.200e+00  3.600e+00  8.852e-12  1.216e-10  1.219e-10
 64  76  3.200e+00  3.800e+00  2.231e-11  1.032e-10  1.056e-10
 64  80  3.200e+00  4.000e+00  3.145e-11  8.708e-11  9.259e-11
 64  84  3.200e+00  4.200e+00  3.764e-11  7.306e-11  8.218e-11
 64  88  3.200e+00  4.400e+00  4.179e-11  6.089e-11  7.385e-11
 64  92  3.200e+00  4.600e+00  4.454e-11  5.030e-11  6.719e-11
 64  96  3.200e+00  4.800e+00  4.633e-11  4.102e-11  6.188e-11
 64 100  3.200e+00  5.000e+00  4.747e-11  3.280e-11  5.770e-11
 64 104  3.200e+00  5.200e+00  4.817e-11  2.542e-11  5.447e-11
 64 108  3.200e+00  5.400e+00  4.859e-11  1.869e-11  5.206e-11
 64 112  3.200e+00  5.600e+00  4.882e-11  1.244e-11  5.038e-11
 64 116  3.200e+00  5.800e+00  4.894e-11  6.498e-12  4.937e-11
 64 120  3.200e+00  6.000e+00  4.898e-11  0.000e+00  4.898e-11

 68   0  3.400e+00  0.000e+00 -0.000e+00 -2.029e-10  2.029e-10
 68   4  3.400e+00  2.000e-01 -9.590e-13 -2.059e-10  2.059e-10
 68   8  3.400e+00  4.000e-01 -3.390e-12 -2.144e-10  2.144e-10
 68  12  3.400e+00  6.000e-01 -9.075e-12 -2.289e-10  2.291e-10
 68  16  3.400e+00  8.000e-01 -2.053e-11 -2.500e-10  2.508e-10
 68  20  3.400e+00  1.000e+00 -4.166e-11 -2.778e-10  2.810e-10
 68  24  3.400e+00  1.200e+00 -7.899e-11 -3.119e-10  3.217e-10
 68  28  3.400e+00  1.400e+00 -1.434e-10 -3.477e-10  3.761e-10
 68  32  3.400e+00  1.600e+00 -2.509e-10 -3.692e-10  4.464e-10
 68  36  3.400e+00  1.800e+00 -4.106e-10 -3.306e-10  5.272e-10
 68  40  3.400e+00  2.000e+00 -5.639e-10 -1.609e-10  5.864e-10
 68  44  3.400e+00  2.200e+00 -5.599e-10  9.743e-11  5.683e-10
 68  48  3.400e+00  2.400e+00 -4.002e-10  2.646e-10  4.798e-10
 68  52  3.400e+00  2.600e+00 -2.355e-10  3.005e-10  3.818e-10
 68  56  3.400e+00  2.800e+00 -1.230e-10  2.762e-10  3.024e-10
 68  60  3.400e+00  3.000e+00 -5.355e-11  2.368e-10  2.428e-10
 68  64  3.400e+00  3.200e+00 -1.106e-11  1.983e-10  1.986e-10
 68  68  3.400e+00  3.400e+00  1.517e-11  1.646e-10  1.653e-10
 68  72  3.400e+00  3.600e+00  3.149e-11  1.364e-10  1.400e-10
 68  76  3.400e+00  3.800e+00  4.165e-11  1.129e-10  1.203e-10
 68  80  3.400e+00  4.000e+00  4.790e-11  9.334e-11  1.049e-10
 68  84  3.400e+00  4.200e+00  5.164e-11  7.706e-11  9.276e-11
 68  88  3.400e+00  4.400e+00  5.376e-11  6.339e-11  8.312e-11
 68  92  3.400e+00  4.600e+00  5.486e-11  5.180e-11  7.545e-11
 68  96  3.400e+00  4.800e+00  5.532e-11  4.187e-11  6.938e-11
 68 100  3.400e+00  5.000e+00  5.541e-11  3.324e-11  6.461e-11
 68 104  3.400e+00  5.200e+00  5.530e-11  2.562e-11  6.094e-11
 68 108  3.400e+00  5.400e+00  5.511e-11  1.876e-11  5.821e-11
 68 112  3.400e+00  5.600e+00  5.492e-11  1.244e-11  5.631e-11
 68 116  3.400e+00  5.800e+00  5.478e-11  6.488e-12  5.517e-11
 68 120  3.400e+00  6.000e+00  5.473e-11  0.000e+00  5.473e-11

 72   0  3.600e+00  0.000e+00 -0.000e+00 -2.006e-10  2.006e-10
 72   4  3.600e+00  2.000e-01  5.331e-12 -2.042e-10  2.043e-10
 72   8  3.600e+00  4.000e-01  9.567e-12 -2.148e-10  2.150e-10
 72  12  3.600e+00  6.000e-01  1.133e-11 -2.333e-10  2.336e-10
 72  16  3.600e+00  8.000e-01  8.523e-12 -2.613e-10  2.614e-10
 72  20  3.600e+00  1.000e+00 -2.447e-12 -3.012e-10  3.012e-10
 72  24  3.600e+00  1.200e+00 -2.853e-11 -3.568e-10  3.579e-10
 72  28  3.600e+00  1.400e+00 -8.461e-11 -4.328e-10  4.410e-10
 72  32  3.600e+00  1.600e+00 -2.059e-10 -5.293e-10  5.679e-10
 72  36  3.600e+00  1.800e+00 -4.767e-10 -5.993e-10  7.658e-10
 72  40  3.600e+00  2.000e+00 -9.407e-10 -3.460e-10  1.002e-09
 72  44  3.600e+00  2.200e+00 -9.319e-10  2.921e-10  9.766e-10
 72  48  3.600e+00  2.400e+00 -4.629e-10  5.380e-10  7.097e-10
 72  52  3.600e+00  2.600e+00 -1.881e-10  4.655e-10  5.020e-10
 72  56  3.600e+00  2.800e+00 -6.134e-11  3.667e-10  3.718e-10
 72  60  3.600e+00  3.000e+00  8.229e-13  2.875e-10  2.875e-10
 72  64  3.600e+00  3.200e+00  3.327e-11  2.274e-10  2.298e-10
 72  68  3.600e+00  3.400e+00  5.073e-11  1.817e-10  1.886e-10
 72  72  3.600e+00  3.600e+00  6.007e-11  1.463e-10  1.582e-10
 72  76  3.600e+00  3.800e+00  6.478e-11  1.185e-10  1.351e-10
 72  80  3.600e+00  4.000e+00  6.678e-11  9.639e-11  1.173e-10
 72  84  3.600e+00  4.200e+00  6.720e-11  7.848e-11  1.033e-10
 72  88  3.600e+00  4.400e+00  6.673e-11  6.382e-11  9.234e-11
 72  92  3.600e+00  4.600e+00  6.580e-11  5.166e-11  8.366e-11
 72  96  3.600e+00  4.800e+00  6.468e-11  4.143e-11  7.681e-11
 72 100  3.600e+00  5.000e+00  6.354e-11  3.268e-11  7.145e-11
 72 104  3.600e+00  5.200e+00  6.250e-11  2.506e-11  6.733e-11
 72 108  3.600e+00  5.400e+00  6.162e-11  1.828e-11  6.428e-11
 72 112  3.600e+00  5.600e+00  6.097e-11  1.209e-11  6.215e-11
 72 116  3.600e+00  5.800e+00  6.055e-11  6.294e-12  6.087e-11
 72 120  3.600e+00  6.000e+00  6.039e-11  0.000e+00  6.039e-11

 76   0  3.800e+00  0.000e+00 -0.000e+00 -1.915e-10  1.915e-10
 76   4  3.800e+00  2.000e-01  1.267e-11 -1.956e-10  1.960e-10
 76   8  3.800e+00  4.000e-01  2.490e-11 -2.074e-10  2.089e-10
 76  12  3.800e+00  6.000e-01  3.608e-11 -2.284e-10  2.312e-10
 76  16  3.800e+00  8.000e-01  4.527e-11 -2.608e-10  2.647e-10
 76  20  3.800e+00  1.000e+00  5.080e-11 -3.091e-10  3.132e-10
 76  24  3.800e+00  1.200e+00  4.919e-11 -3.811e-10  3.843e-10
 76  28  3.800e+00  1.400e+00  3.214e-11 -4.935e-10  4.945e-10
 76  32  3.800e+00  1.600e+00 -2.546e-11 -6.857e-10  6.862e-10
 76  36  3.800e+00  1.800e+00 -2.257e-10 -1.076e-09  1.100e-09
 76  40  3.800e+00  2.000e+00 -1.174e-09 -1.219e-09  1.693e-09
 76  44  3.800e+00  2.200e+00 -1.148e-09  1.178e-09  1.644e-09
 76  48  3.800e+00  2.400e+00 -2.116e-10  1.016e-09  1.038e-09
 76  52  3.800e+00  2.600e+00 -6.574e-12  6.273e-10  6.273e-10
 76  56  3.800e+00  2.800e+00  5.781e-11  4.338e-10  4.377e-10
 76  60  3.800e+00  3.000e+00  8.220e-11  3.186e-10  3.291e-10
 76  64  3.800e+00  3.200e+00  9.150e-11  2.424e-10  2.591e-10
 76  68  3.800e+00  3.400e+00  9.397e-11  1.886e-10  2.107e-10
 76  72  3.800e+00  3.600e+00  9.307e-11  1.489e-10  1.756e-10
 76  76  3.800e+00  3.800e+00  9.050e-11  1.187e-10  1.493e-10
 76  80  3.800e+00  4.000e+00  8.718e-11  9.523e-11  1.291e-10
 76  84  3.800e+00  4.200e+00  8.362e-11  7.668e-11  1.135e-10
 76  88  3.800e+00  4.400e+00  8.014e-11  6.178e-11  1.012e-10
 76  92  3.800e+00  4.600e+00  7.691e-11  4.961e-11  9.152e-11
 76  96  3.800e+00  4.800e+00  7.403e-11  3.952e-11  8.392e-11
 76 100  3.800e+00  5.000e+00  7.156e-11  3.101e-11  7.799e-11
 76 104  3.800e+00  5.200e+00  6.952e-11  2.367e-11  7.344e-11
 76 108  3.800e+00  5.400e+00  6.792e-11  1.721e-11  7.007e-11
 76 112  3.800e+00  5.600e+00  6.677e-11  1.135e-11  6.773e-11
 76 116  3.800e+00  5.800e+00  6.606e-11  5.902e-12  6.632e-11
 76 120  3.800e+00  6.000e+00  6.578e-11  0.000e+00  6.578e-11

 80   0  4.000e+00  0.000e+00 -0.000e+00 -1.750e-10  1.750e-10
 80   4  4.000e+00  2.000e-01  2.045e-11 -1.790e-10  1.802e-10
 80   8  4.000e+00  4.000e-01  4.122e-11 -1.910e-10  1.954e-10
 80  12  4.000e+00  6.000e-01  6.270e-11 -2.122e-10  2.213e-10
 80  16  4.000e+00  8.000e-01  8.546e-11 -2.452e-10  2.596e-10
 80  20  4.000e+00  1.000e+00  1.106e-10 -2.943e-10  3.144e-10
 80  24  4.000e+00  1.200e+00  1.404e-10 -3.679e-10  3.938e-10
 80  28  4.000e+00  1.400e+00  1.816e-10 -4.832e-10  5.162e-10
 80  32  4.000e+00  1.600e+00  2.558e-10 -6.818e-10  7.282e-10
 80  36  4.000e+00  1.800e+00  4.556e-10 -1.098e-09  1.189e-09
 80  40  4.000e+00  2.000e+00  1.385e-09 -1.342e-09  1.929e-09
 80  44  4.000e+00  2.200e+00  1.367e-09  1.308e-09  1.892e-09
 80  48  4.000e+00  2.400e+00  4.636e-10  1.046e-09  1.144e-09
 80  52  4.000e+00  2.600e+00  2.745e-10  6.312e-10  6.883e-10
 80  56  4.000e+00  2.800e+00  2.092e-10  4.315e-10  4.795e-10
 80  60  4.000e+00  3.000e+00  1.768e-10  3.137e-10  3.600e-10
 80  64  4.000e+00  3.200e+00  1.559e-10  2.362e-10  2.830e-10
 80  68  4.000e+00  3.400e+00  1.403e-10  1.819e-10  2.297e-10
 80  72  4.000e+00  3.600e+00  1.276e-10  1.421e-10  1.910e-10
 80  76  4.000e+00  3.800e+00  1.169e-10  1.122e-10  1.621e-10
 80  80  4.000e+00  4.000e+00  1.078e-10  8.927e-11  1.399e-10
 80  84  4.000e+00  4.200e+00  9.994e-11  7.130e-11  1.228e-10
 80  88  4.000e+00  4.400e+00  9.328e-11  5.703e-11  1.093e-10
 80  92  4.000e+00  4.600e+00  8.766e-11  4.551e-11  9.877e-11
 80  96  4.000e+00  4.800e+00  8.298e-11  3.606e-11  9.048e-11
 80 100  4.000e+00  5.000e+00  7.915e-11  2.816e-11  8.401e-11
 80 104  4.000e+00  5.200e+00  7.610e-11  2.142e-11  7.906e-11
 80 108  4.000e+00  5.400e+00  7.378e-11  1.552e-11  7.540e-11
 80 112  4.000e+00  5.600e+00  7.213e-11  1.022e-11  7.285e-11
 80 116  4.000e+00  5.800e+00  7.112e-11  5.308e-12  7.132e-11
 80 120  4.000e+00  6.000e+00  7.074e-11  0.000e+00  7.074e-11

 84   0  4.200e+00  0.000e+00 -0.000e+00 -1.508e-10  1.508e-10
 84   4  4.200e+00  2.000e-01  2.791e-11 -1.546e-10  1.571e-10
 84   8  4.200e+00  4.000e-01  5.686e-11 -1.654e-10  1.749e-10
 84  12  4.200e+00  6.000e-01  8.812e-11 -1.846e-10  2.045e-10
 84  16  4.200e+00  8.000e-01  1.235e-10 -2.139e-10  2.470e-10
 84  20  4.200e+00  1.000e+00  1.661e-10 -2.563e-10  3.054e-10
 84  24  4.200e+00  1.200e+00  2.220e-10 -3.162e-10  3.864e-10
 84  28  4.200e+00  1.400e+00  3.052e-10 -3.994e-10  5.026e-10
 84  32  4.200e+00  1.600e+00  4.506e-10 -5.079e-10  6.790e-10
 84  36  4.200e+00  1.800e+00  7.477e-10 -5.977e-10  9.573e-10
 84  40  4.200e+00  2.000e+00  1.258e-09 -3.508e-10  1.306e-09
 84  44  4.200e+00  2.200e+00  1.257e-09  3.189e-10  1.297e-09
 84  48  4.200e+00  2.400e+00  7.565e-10  5.592e-10  9.407e-10
 84  52  4.200e+00  2.600e+00  4.702e-10  4.673e-10  6.629e-10
 84  56  4.200e+00  2.800e+00  3.348e-10  3.570e-10  4.894e-10
 84  60  4.200e+00  3.000e+00  2.614e-10  2.714e-10  3.768e-10
 84  64  4.200e+00  3.200e+00  2.157e-10  2.080e-10  2.997e-10
 84  68  4.200e+00  3.400e+00  1.839e-10  1.611e-10  2.445e-10
 84  72  4.200e+00  3.600e+00  1.603e-10  1.258e-10  2.037e-10
 84  76  4.200e+00  3.800e+00  1.418e-10  9.902e-11  1.729e-10
 84  80  4.200e+00  4.000e+00  1.271e-10  7.838e-11  1.493e-10
 84  84  4.200e+00  4.200e+00  1.151e-10  6.228e-11  1.309e-10
 84  88  4.200e+00  4.400e+00  1.054e-10  4.956e-11  1.165e-10
 84  92  4.200e+00  4.600e+00  9.748e-11  3.937e-11  1.051e-10
 84  96  4.200e+00  4.800e+00  9.108e-11  3.106e-11  9.623e-11
 84 100  4.200e+00  5.000e+00  8.596e-11  2.417e-11  8.930e-11
 84 104  4.200e+00  5.200e+00  8.197e-11  1.833e-11  8.399e-11
 84 108  4.200e+00  5.400e+00  7.896e-11  1.326e-11  8.007e-11
 84 112  4.200e+00  5.600e+00  7.685e-11  8.715e-12  7.734e-11
 84 116  4.200e+00  5.800e+00  7.557e-11  4.520e-12  7.571e-11
 84 120  4.200e+00  6.000e+00  7.508e-11  0.000e+00  7.508e-11

 88   0  4.400e+00  0.000e+00 -0.000e+00 -1.198e-10  1.198e-10
 88   4  4.400e+00  2.000e-01  3.435e-11 -1.229e-10  1.276e-10
 88   8  4.400e+00  4.000e-01  7.027e-11 -1.316e-10  1.492e-10
 88  12  4.400e+00  6.000e-01  1.096e-10 -1.469e-10  1.833e-10
 88  16  4.400e+00  8.000e-01  1.547e-10 -1.697e-10  2.297e-10
 88  20  4.400e+00  1.000e+00  2.093e-10 -2.010e-10  2.902e-10
 88  24  4.400e+00  1.200e+00  2.791e-10 -2.411e-10  3.688e-10
 88  28  4.400e+00  1.400e+00  3.744e-10 -2.865e-10  4.715e-10
 88  32  4.400e+00  1.600e+00  5.109e-10 -3.216e-10  6.037e-10
 88  36  4.400e+00  1.800e+00  6.982e-10 -2.988e-10  7.594e-10
 88  40  4.400e+00  2.000e+00  8.752e-10 -1.400e-10  8.863e-10
 88  44  4.400e+00  2.200e+00  8.785e-10  1.135e-10  8.858e-10
 88  48  4.400e+00  2.400e+00  7.098e-10  2.702e-10  7.595e-10
 88  52  4.400e+00  2.600e+00  5.323e-10  2.911e-10  6.067e-10
 88  56  4.400e+00  2.800e+00  4.060e-10  2.542e-10  4.790e-10
 88  60  4.400e+00  3.000e+00  3.212e-10  2.067e-10  3.820e-10
 88  64  4.400e+00  3.200e+00  2.625e-10  1.638e-10  3.094e-10
 88  68  4.400e+00  3.400e+00  2.199e-10  1.288e-10  2.548e-10
 88  72  4.400e+00  3.600e+00  1.878e-10  1.012e-10  2.134e-10
 88  76  4.400e+00  3.800e+00  1.631e-10  7.973e-11  1.815e-10
 88  80  4.400e+00  4.000e+00  1.436e-10  6.301e-11  1.568e-10
 88  84  4.400e+00  4.200e+00  1.281e-10  4.993e-11  1.375e-10
 88  88  4.400e+00  4.400e+00  1.157e-10  3.961e-11  1.223e-10
 88  92  4.400e+00  4.600e+00  1.058e-10  3.136e-11  1.103e-10
 88  96  4.400e+00  4.800e+00  9.789e-11  2.467e-11  1.010e-10
 88 100  4.400e+00  5.000e+00  9.166e-11  1.914e-11  9.364e-11
 88 104  4.400e+00  5.200e+00  8.685e-11  1.449e-11  8.805e-11
 88 108  4.400e+00  5.400e+00  8.325e-11  1.046e-11  8.391e-11
 88 112  4.400e+00  5.600e+00  8.074e-11  6.866e-12  8.104e-11
 88 116  4.400e+00  5.800e+00  7.923e-11  3.558e-12  7.931e-11
 88 120  4.400e+00  6.000e+00  7.866e-11  0.000e+00  7.866e-11

 92   0  4.600e+00  0.000e+00 -0.000e+00 -8.321e-11  8.321e-11
 92   4  4.600e+00  2.000e-01  3.924e-11 -8.532e-11  9.391e-11
 92   8  4.600e+00  4.000e-01  8.037e-11 -9.140e-11  1.217e-10
 92  12  4.600e+00  6.000e-01  1.254e-10 -1.019e-10  1.616e-10
 92  16  4.600e+00  8.000e-01  1.769e-10 -1.170e-10  2.121e-10
 92  20  4.600e+00  1.000e+00  2.378e-10 -1.366e-10  2.742e-10
 92  24  4.600e+00  1.200e+00  3.118e-10 -1.591e-10  3.500e-10
 92  28  4.600e+00  1.400e+00  4.028e-10 -1.792e-10  4.408e-10
 92  32  4.600e+00  1.600e+00  5.117e-10 -1.840e-10  5.438e-10
 92  36  4.600e+00  1.800e+00  6.272e-10 -1.516e-10  6.453e-10
 92  40  4.600e+00  2.000e+00  7.113e-10 -6.605e-11  7.144e-10
 92  44  4.600e+00  2.200e+00  7.156e-10  4.760e-11  7.172e-10
 92  48  4.600e+00  2.400e+00  6.405e-10  1.323e-10  6.540e-10
 92  52  4.600e+00  2.600e+00  5.347e-10  1.635e-10  5.591e-10
 92  56  4.600e+00  2.800e+00  4.360e-10  1.574e-10  4.636e-10
 92  60  4.600e+00  3.000e+00  3.560e-10  1.358e-10  3.810e-10
 92  64  4.600e+00  3.200e+00  2.938e-10  1.112e-10  3.141e-10
 92  68  4.600e+00  3.400e+00  2.457e-10  8.899e-11  2.613e-10
 92  72  4.600e+00  3.600e+00  2.083e-10  7.052e-11  2.199e-10
 92  76  4.600e+00  3.800e+00  1.791e-10  5.572e-11  1.876e-10
 92  80  4.600e+00  4.000e+00  1.562e-10  4.405e-11  1.623e-10
 92  84  4.600e+00  4.200e+00  1.380e-10  3.486e-11  1.423e-10
 92  88  4.600e+00  4.400e+00  1.236e-10  2.760e-11  1.266e-10
 92  92  4.600e+00  4.600e+00  1.121e-10  2.181e-11  1.142e-10
 92  96  4.600e+00  4.800e+00  1.031e-10  1.712e-11  1.045e-10
 92 100  4.600e+00  5.000e+00  9.596e-11  1.326e-11  9.688e-11
 92 104  4.600e+00  5.200e+00  9.051e-11  1.002e-11  9.106e-11
 92 108  4.600e+00  5.400e+00  8.646e-11  7.223e-12  8.676e-11
 92 112  4.600e+00  5.600e+00  8.365e-11  4.738e-12  8.378e-11
 92 116  4.600e+00  5.800e+00  8.195e-11  2.454e-12  8.199e-11
 92 120  4.600e+00  6.000e+00  8.131e-11  0.000e+00  8.131e-11

 96   0  4.800e+00  0.000e+00 -0.000e+00 -4.263e-11  4.263e-11
 96   4  4.800e+00  2.000e-01  4.227e-11 -4.371e-11  6.081e-11
 96   8  4.800e+00  4.000e-01  8.656e-11 -4.681e-11  9.841e-11
 96  12  4.800e+00  6.000e-01  1.350e-10 -5.206e-11  1.447e-10
 96  16  4.800e+00  8.000e-01  1.898e-10 -5.948e-11  1.989e-10
 96  20  4.800e+00  1.000e+00  2.533e-10 -6.871e-11  2.625e-10
 96  24  4.800e+00  1.200e+00  3.272e-10 -7.843e-11  3.365e-10
 96  28  4.800e+00  1.400e+00  4.114e-10 -8.537e-11  4.202e-10
 96  32  4.800e+00  1.600e+00  5.014e-10 -8.346e-11  5.083e-10
 96  36  4.800e+00  1.800e+00  5.839e-10 -6.513e-11  5.875e-10
 96  40  4.800e+00  2.000e+00  6.372e-10 -2.781e-11  6.378e-10
 96  44  4.800e+00  2.200e+00  6.418e-10  1.833e-11  6.421e-10
 96  48  4.800e+00  2.400e+00  5.979e-10  5.532e-11  6.004e-10
 96  52  4.800e+00  2.600e+00  5.252e-10  7.310e-11  5.303e-10
 96  56  4.800e+00  2.800e+00  4.458e-10  7.433e-11  4.519e-10
 96  60  4.800e+00  3.000e+00  3.728e-10  6.657e-11  3.787e-10
 96  64  4.800e+00  3.200e+00  3.110e-10  5.580e-11  3.160e-10
 96  68  4.800e+00  3.400e+00  2.608e-10  4.523e-11  2.647e-10
 96  72  4.800e+00  3.600e+00  2.208e-10  3.607e-11  2.237e-10
 96  76  4.800e+00  3.800e+00  1.891e-10  2.858e-11  1.912e-10
 96  80  4.800e+00  4.000e+00  1.640e-10  2.261e-11  1.656e-10
 96  84  4.800e+00  4.200e+00  1.442e-10  1.789e-11  1.453e-10
 96  88  4.800e+00  4.400e+00  1.285e-10  1.415e-11  1.293e-10
 96  92  4.800e+00  4.600e+00  1.161e-10  1.116e-11  1.166e-10
 96  96  4.800e+00  4.800e+00  1.063e-10  8.752e-12  1.066e-10
 96 100  4.800e+00  5.000e+00  9.864e-11  6.771e-12  9.887e-11
 96 104  4.800e+00  5.200e+00  9.278e-11  5.110e-12  9.292e-11
 96 108  4.800e+00  5.400e+00  8.845e-11  3.681e-12  8.853e-11
 96 112  4.800e+00  5.600e+00  8.544e-11  2.413e-12  8.548e-11
 96 116  4.800e+00  5.800e+00  8.363e-11  1.249e-12  8.364e-11
 96 120  4.800e+00  6.000e+00  8.295e-11  0.000e+00  8.295e-11

100   0  5.000e+00  0.000e+00 -0.000e+00 -4.168e-14  4.168e-14
100   4  5.000e+00  2.000e-01  4.329e-11 -4.119e-14  4.329e-11
100   8  5.000e+00  4.000e-01  8.864e-11 -3.989e-14  8.864e-11
100  12  5.000e+00  6.000e-01  1.382e-10 -3.791e-14  1.382e-10
100  16  5.000e+00  8.000e-01  1.940e-10 -3.561e-14  1.940e-10
100  20  5.000e+00  1.000e+00  2.581e-10 -3.358e-14  2.581e-10
100  24  5.000e+00  1.200e+00  3.316e-10 -3.270e-14  3.316e-10
100  28  5.000e+00  1.400e+00  4.131e-10 -3.424e-14  4.131e-10
100  32  5.000e+00  1.600e+00  4.967e-10 -3.962e-14  4.967e-10
100  36  5.000e+00  1.800e+00  5.699e-10 -4.984e-14  5.699e-10
100  40  5.000e+00  2.000e+00  6.155e-10 -6.448e-14  6.155e-10
100  44  5.000e+00  2.200e+00  6.202e-10 -8.099e-14  6.202e-10
100  48  5.000e+00  2.400e+00  5.841e-10 -9.557e-14  5.841e-10
100  52  5.000e+00  2.600e+00  5.208e-10 -1.053e-13  5.208e-10
100  56  5.000e+00  2.800e+00  4.478e-10 -1.093e-13  4.478e-10
100  60  5.000e+00  3.000e+00  3.776e-10 -1.085e-13  3.776e-10
100  64  5.000e+00  3.200e+00  3.164e-10 -1.043e-13  3.164e-10
100  68  5.000e+00  3.400e+00  2.658e-10 -9.783e-14  2.658e-10
100  72  5.000e+00  3.600e+00  2.249e-10 -9.022e-14  2.249e-10
100  76  5.000e+00  3.800e+00  1.924e-10 -8.205e-14  1.924e-10
100  80  5.000e+00  4.000e+00  1.667e-10 -7.371e-14  1.667e-10
100  84  5.000e+00  4.200e+00  1.463e-10 -6.544e-14  1.463e-10
100  88  5.000e+00  4.400e+00  1.301e-10 -5.735e-14  1.301e-10
100  92  5.000e+00  4.600e+00  1.174e-10 -4.951e-14  1.174e-10
100  96  5.000e+00  4.800e+00  1.074e-10 -4.194e-14  1.074e-10
100 100  5.000e+00  5.000e+00  9.954e-11 -3.462e-14  9.954e-11
100 104  5.000e+00  5.200e+00  9.355e-11 -2.755e-14  9.355e-11
100 108  5.000e+00  5.400e+00  8.912e-11 -2.068e-14  8.912e-11
100 112  5.000e+00  5.600e+00  8.604e-11 -1.396e-14  8.604e-11
100 116  5.000e+00  5.800e+00  8.420e-11 -7.359e-15  8.420e-11
100 120  5.000e+00  6.000e+00  8.350e-11  0.000e+00  8.350e-11

104   0  5.200e+00  0.000e+00 -0.000e+00  4.255e-11  4.255e-11
104   4  5.200e+00  2.000e-01  4.227e-11  4.363e-11  6.075e-11
104   8  5.200e+00  4.000e-01  8.656e-11  4.672e-11  9.837e-11
104  12  5.200e+00  6.000e-01  1.350e-10  5.198e-11  1.447e-10
104  16  5.200e+00  8.000e-01  1.898e-10  5.940e-11  1.989e-10
104  20  5.200e+00  1.000e+00  2.533e-10  6.864e-11  2.624e-10
104  24  5.200e+00  1.200e+00  3.272e-10  7.836e-11  3.364e-10
104  28  5.200e+00  1.400e+00  4.114e-10  8.531e-11  4.202e-10
104  32  5.200e+00  1.600e+00  5.014e-10  8.339e-11  5.083e-10
104  36  5.200e+00  1.800e+00  5.839e-10  6.504e-11  5.876e-10
104  40  5.200e+00  2.000e+00  6.373e-10  2.769e-11  6.379e-10
104  44  5.200e+00  2.200e+00  6.419e-10 -1.850e-11  6.421e-10
104  48  5.200e+00  2.400e+00  5.979e-10 -5.551e-11  6.005e-10
104  52  5.200e+00  2.600e+00  5.252e-10 -7.331e-11  5.303e-10
104  56  5.200e+00  2.800e+00  4.458e-10 -7.455e-11  4.520e-10
104  60  5.200e+00  3.000e+00  3.728e-10 -6.679e-11  3.787e-10
104  64  5.200e+00  3.200e+00  3.110e-10 -5.601e-11  3.160e-10
104  68  5.200e+00  3.400e+00  2.608e-10 -4.543e-11  2.647e-10
104  72  5.200e+00  3.600e+00  2.208e-10 -3.625e-11  2.237e-10
104  76  5.200e+00  3.800e+00  1.891e-10 -2.875e-11  1.912e-10
104  80  5.200e+00  4.000e+00  1.640e-10 -2.276e-11  1.656e-10
104  84  5.200e+00  4.200e+00  1.442e-10 -1.802e-11  1.453e-10
104  88  5.200e+00  4.400e+00  1.285e-10 -1.426e-11  1.293e-10
104  92  5.200e+00  4.600e+00  1.160e-10 -1.126e-11  1.166e-10
104  96  5.200e+00  4.800e+00  1.063e-10 -8.835e-12  1.066e-10
104 100  5.200e+00  5.000e+00  9.862e-11 -6.840e-12  9.886e-11
104 104  5.200e+00  5.200e+00  9.277e-11 -5.165e-12  9.291e-11
104 108  5.200e+00  5.400e+00  8.844e-11 -3.722e-12  8.851e-11
104 112  5.200e+00  5.600e+00  8.543e-11 -2.441e-12  8.546e-11
104 116  5.200e+00  5.800e+00  8.362e-11 -1.264e-12  8.363e-11
104 120  5.200e+00  6.000e+00  8.294e-11  0.000e+00  8.294e-11

108   0  5.400e+00  0.000e+00 -0.000e+00  8.312e-11  8.312e-11
108   4  5.400e+00  2.000e-01  3.923e-11  8.524e-11  9.383e-11
108   8  5.400e+00  4.000e-01  8.036e-11  9.132e-11  1.216e-10
108  12  5.400e+00  6.000e-01  1.254e-10  1.018e-10  1.615e-10
108  16  5.400e+00  8.000e-01  1.769e-10  1.169e-10  2.120e-10
108  20  5.400e+00  1.000e+00  2.378e-10  1.365e-10  2.742e-10
108  24  5.400e+00  1.200e+00  3.118e-10  1.591e-10  3.500e-10
108  28  5.400e+00  1.400e+00  4.028e-10  1.791e-10  4.408e-10
108  32  5.400e+00  1.600e+00  5.118e-10  1.839e-10  5.438e-10
108  36  5.400e+00  1.800e+00  6.273e-10  1.515e-10  6.453e-10
108  40  5.400e+00  2.000e+00  7.114e-10  6.593e-11  7.144e-10
108  44  5.400e+00  2.200e+00  7.156e-10 -4.777e-11  7.172e-10
108  48  5.400e+00  2.400e+00  6.405e-10 -1.325e-10  6.541e-10
108  52  5.400e+00  2.600e+00  5.347e-10 -1.637e-10  5.592e-10
108  56  5.400e+00  2.800e+00  4.360e-10 -1.576e-10  4.637e-10
108  60  5.400e+00  3.000e+00  3.560e-10 -1.360e-10  3.811e-10
108  64  5.400e+00  3.200e+00  2.938e-10 -1.114e-10  3.142e-10
108  68  5.400e+00  3.400e+00  2.456e-10 -8.919e-11  2.613e-10
108  72  5.400e+00  3.600e+00  2.083e-10 -7.070e-11  2.200e-10
108  76  5.400e+00  3.800e+00  1.791e-10 -5.589e-11  1.876e-10
108  80  5.400e+00  4.000e+00  1.561e-10 -4.420e-11  1.623e-10
108  84  5.400e+00  4.200e+00  1.380e-10 -3.499e-11  1.423e-10
108  88  5.400e+00  4.400e+00  1.235e-10 -2.772e-11  1.266e-10
108  92  5.400e+00  4.600e+00  1.121e-10 -2.191e-11  1.142e-10
108  96  5.400e+00  4.800e+00  1.030e-10 -1.720e-11  1.045e-10
108 100  5.400e+00  5.000e+00  9.593e-11 -1.333e-11  9.686e-11
108 104  5.400e+00  5.200e+00  9.048e-11 -1.007e-11  9.104e-11
108 108  5.400e+00  5.400e+00  8.644e-11 -7.263e-12  8.674e-11
108 112  5.400e+00  5.600e+00  8.362e-11 -4.766e-12  8.376e-11
108 116  5.400e+00  5.800e+00  8.193e-11 -2.468e-12  8.197e-11
108 120  5.400e+00  6.000e+00  8.129e-11  0.000e+00  8.129e-11

112   0  5.600e+00  0.000e+00 -0.000e+00  1.197e-10  1.197e-10
112   4  5.600e+00  2.000e-01  3.434e-11  1.228e-10  1.275e-10
112   8  5.600e+00  4.000e-01  7.026e-11  1.316e-10  1.491e-10
112  12  5.600e+00  6.000e-01  1.096e-10  1.469e-10  1.832e-10
112  16  5.600e+00  8.000e-01  1.547e-10  1.697e-10  2.296e-10
112  20  5.600e+00  1.000e+00  2.092e-10  2.010e-10  2.901e-10
112  24  5.600e+00  1.200e+00  2.791e-10  2.411e-10  3.688e-10
112  28  5.600e+00  1.400e+00  3.744e-10  2.865e-10  4.714e-10
112  32  5.600e+00  1.600e+00  5.109e-10  3.215e-10  6.037e-10
112  36  5.600e+00  1.800e+00  6.983e-10  2.987e-10  7.595e-10
112  40  5.600e+00  2.000e+00  8.753e-10  1.399e-10  8.864e-10
112  44  5.600e+00  2.200e+00  8.786e-10 -1.137e-10  8.860e-10
112  48  5.600e+00  2.400e+00  7.099e-10 -2.705e-10  7.597e-10
112  52  5.600e+00  2.600e+00  5.323e-10 -2.913e-10  6.068e-10
112  56  5.600e+00  2.800e+00  4.060e-10 -2.545e-10  4.792e-10
112  60  5.600e+00  3.000e+00  3.212e-10 -2.069e-10  3.821e-10
112  64  5.600e+00  3.200e+00  2.624e-10 -1.640e-10  3.095e-10
112  68  5.600e+00  3.400e+00  2.198e-10 -1.290e-10  2.549e-10
112  72  5.600e+00  3.600e+00  1.878e-10 -1.014e-10  2.134e-10
112  76  5.600e+00  3.800e+00  1.630e-10 -7.990e-11  1.815e-10
112  80  5.600e+00  4.000e+00  1.435e-10 -6.316e-11  1.568e-10
112  84  5.600e+00  4.200e+00  1.280e-10 -5.006e-11  1.375e-10
112  88  5.600e+00  4.400e+00  1.157e-10 -3.972e-11  1.223e-10
112  92  5.600e+00  4.600e+00  1.057e-10 -3.145e-11  1.103e-10
112  96  5.600e+00  4.800e+00  9.785e-11 -2.475e-11  1.009e-10
112 100  5.600e+00  5.000e+00  9.162e-11 -1.921e-11  9.361e-11
112 104  5.600e+00  5.200e+00  8.681e-11 -1.454e-11  8.801e-11
112 108  5.600e+00  5.400e+00  8.321e-11 -1.050e-11  8.387e-11
112 112  5.600e+00  5.600e+00  8.070e-11 -6.893e-12  8.100e-11
112 116  5.600e+00  5.800e+00  7.919e-11 -3.572e-12  7.927e-11
112 120  5.600e+00  6.000e+00  7.862e-11  0.000e+00  7.862e-11

116   0  5.800e+00  0.000e+00 -0.000e+00  1.507e-10  1.507e-10
116   4  5.800e+00  2.000e-01  2.790e-11  1.545e-10  1.570e-10
116   8  5.800e+00  4.000e-01  5.684e-11  1.653e-10  1.748e-10
116  12  5.800e+00  6.000e-01  8.809e-11  1.845e-10  2.044e-10
116  16  5.800e+00  8.000e-01  1.235e-10  2.138e-10  2.469e-10
116  20  5.800e+00  1.000e+00  1.660e-10  2.562e-10  3.053e-10
116  24  5.800e+00  1.200e+00  2.220e-10  3.162e-10  3.863e-10
116  28  5.800e+00  1.400e+00  3.052e-10  3.994e-10  5.026e-10
116  32  5.800e+00  1.600e+00  4.506e-10  5.079e-10  6.790e-10
116  36  5.800e+00  1.800e+00  7.478e-10  5.978e-10  9.574e-10
116  40  5.800e+00  2.000e+00  1.258e-09  3.508e-10  1.306e-09
116  44  5.800e+00  2.200e+00  1.257e-09 -3.192e-10  1.297e-09
116  48  5.800e+00  2.400e+00  7.566e-10 -5.596e-10  9.410e-10
116  52  5.800e+00  2.600e+00  4.702e-10 -4.676e-10  6.632e-10
116  56  5.800e+00  2.800e+00  3.347e-10 -3.573e-10  4.896e-10
116  60  5.800e+00  3.000e+00  2.614e-10 -2.716e-10  3.770e-10
116  64  5.800e+00  3.200e+00  2.156e-10 -2.083e-10  2.998e-10
116  68  5.800e+00  3.400e+00  1.839e-10 -1.613e-10  2.446e-10
116  72  5.800e+00  3.600e+00  1.602e-10 -1.260e-10  2.038e-10
116  76  5.800e+00  3.800e+00  1.417e-10 -9.918e-11  1.730e-10
116  80  5.800e+00  4.000e+00  1.270e-10 -7.852e-11  1.493e-10
116  84  5.800e+00  4.200e+00  1.150e-10 -6.241e-11  1.309e-10
116  88  5.800e+00  4.400e+00  1.053e-10 -4.967e-11  1.164e-10
116  92  5.800e+00  4.600e+00  9.741e-11 -3.946e-11  1.051e-10
116  96  5.800e+00  4.800e+00  9.102e-11 -3.114e-11  9.620e-11
116 100  5.800e+00  5.000e+00  8.591e-11 -2.424e-11  8.926e-11
116 104  5.800e+00  5.200e+00  8.191e-11 -1.838e-11  8.395e-11
116 108  5.800e+00  5.400e+00  7.891e-11 -1.329e-11  8.002e-11
116 112  5.800e+00  5.600e+00  7.680e-11 -8.742e-12  7.729e-11
116 116  5.800e+00  5.800e+00  7.552e-11 -4.533e-12  7.566e-11
116 120  5.800e+00  6.000e+00  7.503e-11  0.000e+00  7.503e-11

120   0  6.000e+00  0.000e+00 -0.000e+00  1.749e-10  1.749e-10
120   4  6.000e+00  2.000e-01  2.044e-11  1.789e-10  1.801e-10
120   8  6.000e+00  4.000e-01  4.120e-11  1.909e-10  1.953e-10
120  12  6.000e+00  6.000e-01  6.267e-11  2.121e-10  2.212e-10
120  16  6.000e+00  8.000e-01  8.541e-11  2.451e-10  2.595e-10
120  20  6.000e+00  1.000e+00  1.105e-10  2.943e-10  3.143e-10
120  24  6.000e+00  1.200e+00  1.403e-10  3.679e-10  3.938e-10
120  28  6.000e+00  1.400e+00  1.815e-10  4.832e-10  5.162e-10
120  32  6.000e+00  1.600e+00  2.557e-10  6.819e-10  7.283e-10
120  36  6.000e+00  1.800e+00  4.556e-10  1.098e-09  1.189e-09
120  40  6.000e+00  2.000e+00  1.386e-09  1.342e-09  1.929e-09
120  44  6.000e+00  2.200e+00  1.367e-09 -1.308e-09  1.892e-09
120  48  6.000e+00  2.400e+00  4.636e-10 -1.046e-09  1.144e-09
120  52  6.000e+00  2.600e+00  2.745e-10 -6.316e-10  6.886e-10
120  56  6.000e+00  2.800e+00  2.091e-10 -4.318e-10  4.798e-10
120  60  6.000e+00  3.000e+00  1.767e-10 -3.139e-10  3.602e-10
120  64  6.000e+00  3.200e+00  1.558e-10 -2.364e-10  2.832e-10
120  68  6.000e+00  3.400e+00  1.402e-10 -1.821e-10  2.298e-10
120  72  6.000e+00  3.600e+00  1.275e-10 -1.423e-10  1.911e-10
120  76  6.000e+00  3.800e+00  1.168e-10 -1.124e-10  1.621e-10
120  80  6.000e+00  4.000e+00  1.077e-10 -8.941e-11  1.400e-10
120  84  6.000e+00  4.200e+00  9.986e-11 -7.142e-11  1.228e-10
120  88  6.000e+00  4.400e+00  9.320e-11 -5.713e-11  1.093e-10
120  92  6.000e+00  4.600e+00  8.758e-11 -4.560e-11  9.874e-11
120  96  6.000e+00  4.800e+00  8.291e-11 -3.614e-11  9.044e-11
120 100  6.000e+00  5.000e+00  7.908e-11 -2.822e-11  8.397e-11
120 104  6.000e+00  5.200e+00  7.604e-11 -2.147e-11  7.901e-11
120 108  6.000e+00  5.400e+00  7.371e-11 -1.556e-11  7.534e-11
120 112  6.000e+00  5.600e+00  7.207e-11 -1.025e-11  7.279e-11
120 116  6.000e+00  5.800e+00  7.106e-11 -5.321e-12  7.126e-11
120 120  6.000e+00  6.000e+00  7.068e-11  0.000e+00  7.068e-11

124   0  6.200e+00  0.000e+00 -0.000e+00  1.914e-10  1.914e-10
124   4  6.200e+00  2.000e-01  1.266e-11  1.955e-10  1.959e-10
124   8  6.200e+00  4.000e-01  2.487e-11  2.073e-10  2.088e-10
124  12  6.200e+00  6.000e-01  3.603e-11  2.283e-10  2.311e-10
124  16  6.200e+00  8.000e-01  4.521e-11  2.607e-10  2.646e-10
124  20  6.200e+00  1.000e+00  5.072e-11  3.090e-10  3.131e-10
124  24  6.200e+00  1.200e+00  4.909e-11  3.810e-10  3.842e-10
124  28  6.200e+00  1.400e+00  3.202e-11  4.935e-10  4.945e-10
124  32  6.200e+00  1.600e+00 -2.560e-11  6.858e-10  6.863e-10
124  36  6.200e+00  1.800e+00 -2.259e-10  1.077e-09  1.100e-09
124  40  6.200e+00  2.000e+00 -1.174e-09  1.220e-09  1.693e-09
124  44  6.200e+00  2.200e+00 -1.148e-09 -1.178e-09  1.645e-09
124  48  6.200e+00  2.400e+00 -2.118e-10 -1.016e-09  1.038e-09
124  52  6.200e+00  2.600e+00 -6.748e-12 -6.277e-10  6.277e-10
124  56  6.200e+00  2.800e+00  5.766e-11 -4.342e-10  4.380e-10
124  60  6.200e+00  3.000e+00  8.207e-11 -3.189e-10  3.293e-10
124  64  6.200e+00  3.200e+00  9.137e-11 -2.427e-10  2.593e-10
124  68  6.200e+00  3.400e+00  9.384e-11 -1.888e-10  2.108e-10
124  72  6.200e+00  3.600e+00  9.295e-11 -1.490e-10  1.757e-10
124  76  6.200e+00  3.800e+00  9.039e-11 -1.188e-10  1.493e-10
124  80  6.200e+00  4.000e+00  8.707e-11 -9.537e-11  1.291e-10
124  84  6.200e+00  4.200e+00  8.352e-11 -7.680e-11  1.135e-10
124  88  6.200e+00  4.400e+00  8.004e-11 -6.188e-11  1.012e-10
124  92  6.200e+00  4.600e+00  7.682e-11 -4.970e-11  9.149e-11
124  96  6.200e+00  4.800e+00  7.395e-11 -3.959e-11  8.388e-11
124 100  6.200e+00  5.000e+00  7.148e-11 -3.106e-11  7.794e-11
124 104  6.200e+00  5.200e+00  6.944e-11 -2.372e-11  7.338e-11
124 108  6.200e+00  5.400e+00  6.785e-11 -1.724e-11  7.000e-11
124 112  6.200e+00  5.600e+00  6.669e-11 -1.138e-11  6.766e-11
124 116  6.200e+00  5.800e+00  6.598e-11 -5.914e-12  6.625e-11
124 120  6.200e+00  6.000e+00  6.571e-11  0.000e+00  6.571e-11

128   0  6.400e+00  0.000e+00 -0.000e+00  2.005e-10  2.005e-10
128   4  6.400e+00  2.000e-01  5.312e-12  2.041e-10  2.042e-10
128   8  6.400e+00  4.000e-01  9.528e-12  2.147e-10  2.149e-10
128  12  6.400e+00  6.000e-01  1.127e-11  2.332e-10  2.335e-10
128  16  6.400e+00  8.000e-01  8.444e-12  2.612e-10  2.613e-10
128  20  6.400e+00  1.000e+00 -2.550e-12  3.011e-10  3.011e-10
128  24  6.400e+00  1.200e+00 -2.866e-11  3.567e-10  3.579e-10
128  28  6.400e+00  1.400e+00 -8.477e-11  4.328e-10  4.410e-10
128  32  6.400e+00  1.600e+00 -2.061e-10  5.293e-10  5.680e-10
128  36  6.400e+00  1.800e+00 -4.770e-10  5.994e-10  7.660e-10
128  40  6.400e+00  2.000e+00 -9.412e-10  3.460e-10  1.003e-09
128  44  6.400e+00  2.200e+00 -9.324e-10 -2.924e-10  9.772e-10
128  48  6.400e+00  2.400e+00 -4.633e-10 -5.384e-10  7.103e-10
128  52  6.400e+00  2.600e+00 -1.884e-10 -4.658e-10  5.025e-10
128  56  6.400e+00  2.800e+00 -6.155e-11 -3.670e-10  3.721e-10
128  60  6.400e+00  3.000e+00  6.437e-13 -2.877e-10  2.877e-10
128  64  6.400e+00  3.200e+00  3.310e-11 -2.276e-10  2.300e-10
128  68  6.400e+00  3.400e+00  5.058e-11 -1.819e-10  1.888e-10
128  72  6.400e+00  3.600e+00  5.993e-11 -1.465e-10  1.583e-10
128  76  6.400e+00  3.800e+00  6.465e-11 -1.187e-10  1.352e-10
128  80  6.400e+00  4.000e+00  6.666e-11 -9.652e-11  1.173e-10
128  84  6.400e+00  4.200e+00  6.708e-11 -7.859e-11  1.033e-10
128  88  6.400e+00  4.400e+00  6.662e-11 -6.392e-11  9.232e-11
128  92  6.400e+00  4.600e+00  6.569e-11 -5.174e-11  8.362e-11
128  96  6.400e+00  4.800e+00  6.457e-11 -4.150e-11  7.676e-11
128 100  6.400e+00  5.000e+00  6.344e-11 -3.274e-11  7.139e-11
128 104  6.400e+00  5.200e+00  6.240e-11 -2.510e-11  6.726e-11
128 108  6.400e+00  5.400e+00  6.153e-11 -1.831e-11  6.420e-11
128 112  6.400e+00  5.600e+00  6.088e-11 -1.211e-11  6.207e-11
128 116  6.400e+00  5.800e+00  6.046e-11 -6.305e-12  6.079e-11
128 120  6.400e+00  6.000e+00  6.030e-11  0.000e+00  6.030e-11

132   0  6.600e+00  0.000e+00 -0.000e+00  2.027e-10  2.027e-10
132   4  6.600e+00  2.000e-01 -9.820e-13  2.057e-10  2.057e-10
132   8  6.600e+00  4.000e-01 -3.436e-12  2.142e-10  2.143e-10
132  12  6.600e+00  6.000e-01 -9.144e-12  2.288e-10  2.290e-10
132  16  6.600e+00  8.000e-01 -2.062e-11  2.498e-10  2.507e-10
132  20  6.600e+00  1.000e+00 -4.178e-11  2.777e-10  2.809e-10
132  24  6.600e+00  1.200e+00 -7.914e-11  3.118e-10  3.217e-10
132  28  6.600e+00  1.400e+00 -1.436e-10  3.476e-10  3.761e-10
132  32  6.600e+00  1.600e+00 -2.511e-10  3.691e-10  4.464e-10
132  36  6.600e+00  1.800e+00 -4.109e-10  3.306e-10  5.274e-10
132  40  6.600e+00  2.000e+00 -5.643e-10  1.608e-10  5.868e-10
132  44  6.600e+00  2.200e+00 -5.603e-10 -9.764e-11  5.687e-10
132  48  6.600e+00  2.400e+00 -4.006e-10 -2.649e-10  4.802e-10
132  52  6.600e+00  2.600e+00 -2.358e-10 -3.008e-10  3.822e-10
132  56  6.600e+00  2.800e+00 -1.233e-10 -2.764e-10  3.027e-10
132  60  6.600e+00  3.000e+00 -5.376e-11 -2.371e-10  2.431e-10
132  64  6.600e+00  3.200e+00 -1.125e-11 -1.985e-10  1.988e-10
132  68  6.600e+00  3.400e+00  1.499e-11 -1.648e-10  1.655e-10
132  72  6.600e+00  3.600e+00  3.133e-11 -1.365e-10  1.401e-10
132  76  6.600e+00  3.800e+00  4.150e-11 -1.130e-10  1.204e-10
132  80  6.600e+00  4.000e+00  4.776e-11 -9.347e-11  1.050e-10
132  84  6.600e+00  4.200e+00  5.150e-11 -7.717e-11  9.278e-11
132  88  6.600e+00  4.400e+00  5.364e-11 -6.348e-11  8.311e-11
132  92  6.600e+00  4.600e+00  5.474e-11 -5.188e-11  7.542e-11
132  96  6.600e+00  4.800e+00  5.521e-11 -4.193e-11  6.933e-11
132 100  6.600e+00  5.000e+00  5.530e-11 -3.329e-11  6.455e-11
132 104  6.600e+00  5.200e+00  5.519e-11 -2.566e-11  6.087e-11
132 108  6.600e+00  5.400e+00  5.501e-11 -1.879e-11  5.813e-11
132 112  6.600e+00  5.600e+00  5.482e-11 -1.246e-11  5.622e-11
132 116  6.600e+00  5.800e+00  5.469e-11 -6.498e-12  5.507e-11
132 120  6.600e+00  6.000e+00  5.463e-11  0.000e+00  5.463e-11

136   0  6.800e+00  0.000e+00 -0.000e+00  1.995e-10  1.995e-10
136   4  6.800e+00  2.000e-01 -5.850e-12  2.016e-10  2.017e-10
136   8  6.800e+00  4.000e-01 -1.325e-11  2.078e-10  2.082e-10
136  12  6.800e+00  6.000e-01 -2.400e-11  2.179e-10  2.192e-10
136  16  6.800e+00  8.000e-01 -4.038e-11  2.316e-10  2.351e-10
136  20  6.800e+00  1.000e+00 -6.551e-11  2.477e-10  2.562e-10
136  24  6.800e+00  1.200e+00 -1.035e-10  2.635e-10  2.831e-10
136  28  6.800e+00  1.400e+00 -1.593e-10  2.724e-10  3.155e-10
136  32  6.800e+00  1.600e+00 -2.353e-10  2.610e-10  3.514e-10
136  36  6.800e+00  1.800e+00 -3.224e-10  2.086e-10  3.840e-10
136  40  6.800e+00  2.000e+00 -3.865e-10  1.020e-10  3.997e-10
136  44  6.800e+00  2.200e+00 -3.837e-10 -3.241e-11  3.850e-10
136  48  6.800e+00  2.400e+00 -3.143e-10 -1.377e-10  3.432e-10
136  52  6.800e+00  2.600e+00 -2.225e-10 -1.879e-10  2.913e-10
136  56  6.800e+00  2.800e+00 -1.422e-10 -1.965e-10  2.425e-10
136  60  6.800e+00  3.000e+00 -8.215e-11 -1.841e-10  2.016e-10
136  64  6.800e+00  3.200e+00 -4.003e-11 -1.639e-10  1.687e-10
136  68  6.800e+00  3.400e+00 -1.109e-11 -1.422e-10  1.427e-10
136  72  6.800e+00  3.600e+00  8.668e-12 -1.217e-10  1.221e-10
136  76  6.800e+00  3.800e+00  2.214e-11 -1.033e-10  1.057e-10
136  80  6.800e+00  4.000e+00  3.129e-11 -8.719e-11  9.264e-11
136  84  6.800e+00  4.200e+00  3.749e-11 -7.315e-11  8.220e-11
136  88  6.800e+00  4.400e+00  4.165e-11 -6.097e-11  7.384e-11
136  92  6.800e+00  4.600e+00  4.441e-11 -5.037e-11  6.715e-11
136  96  6.800e+00  4.800e+00  4.621e-11 -4.107e-11  6.182e-11
136 100  6.800e+00  5.000e+00  4.735e-11 -3.284e-11  5.762e-11
136 104  6.800e+00  5.200e+00  4.806e-11 -2.546e-11  5.438e-11
136 108  6.800e+00  5.400e+00  4.848e-11 -1.872e-11  5.197e-11
136 112  6.800e+00  5.600e+00  4.871e-11 -1.246e-11  5.028e-11
136 116  6.800e+00  5.800e+00  4.883e-11 -6.507e-12  4.926e-11
136 120  6.800e+00  6.000e+00  4.887e-11  0.000e+00  4.887e-11

140   0  7.000e+00  0.000e+00 -0.000e+00  1.921e-10  1.921e-10
140   4  7.000e+00  2.000e-01 -9.200e-12  1.935e-10  1.937e-10
140   8  7.000e+00  4.000e-01 -1.981e-11  1.973e-10  1.983e-10
140  12  7.000e+00  6.000e-01 -3.335e-11  2.033e-10  2.060e-10
140  16  7.000e+00  8.000e-01 -5.157e-11  2.106e-10  2.168e-10
140  20  7.000e+00  1.000e+00 -7.647e-11  2.175e-10  2.306e-10
140  24  7.000e+00  1.200e+00 -1.100e-10  2.210e-10  2.469e-10
140  28  7.000e+00  1.400e+00 -1.532e-10  2.158e-10  2.647e-10
140  32  7.000e+00  1.600e+00 -2.040e-10  1.942e-10  2.816e-10
140  36  7.000e+00  1.800e+00 -2.533e-10  1.484e-10  2.936e-10
140  40  7.000e+00  2.000e+00 -2.846e-10  7.788e-11  2.951e-10
140  44  7.000e+00  2.200e+00 -2.824e-10 -3.407e-12  2.825e-10
140  48  7.000e+00  2.400e+00 -2.468e-10 -7.297e-11  2.574e-10
140  52  7.000e+00  2.600e+00 -1.935e-10 -1.169e-10  2.261e-10
140  56  7.000e+00  2.800e+00 -1.391e-10 -1.360e-10  1.945e-10
140  60  7.000e+00  3.000e+00 -9.244e-11 -1.379e-10  1.660e-10
140  64  7.000e+00  3.200e+00 -5.578e-11 -1.303e-10  1.417e-10
140  68  7.000e+00  3.400e+00 -2.818e-11 -1.183e-10  1.216e-10
140  72  7.000e+00  3.600e+00 -7.841e-12 -1.048e-10  1.051e-10
140  76  7.000e+00  3.800e+00  6.984e-12 -9.138e-11  9.165e-11
140  80  7.000e+00  4.000e+00  1.773e-11 -7.879e-11  8.076e-11
140  84  7.000e+00  4.200e+00  2.548e-11 -6.728e-11  7.194e-11
140  88  7.000e+00  4.400e+00  3.104e-11 -5.689e-11  6.481e-11
140  92  7.000e+00  4.600e+00  3.502e-11 -4.755e-11  5.906e-11
140  96  7.000e+00  4.800e+00  3.784e-11 -3.915e-11  5.445e-11
140 100  7.000e+00  5.000e+00  3.983e-11 -3.155e-11  5.081e-11
140 104  7.000e+00  5.200e+00  4.120e-11 -2.461e-11  4.799e-11
140 108  7.000e+00  5.400e+00  4.212e-11 -1.818e-11  4.588e-11
140 112  7.000e+00  5.600e+00  4.272e-11 -1.214e-11  4.441e-11
140 116  7.000e+00  5.800e+00  4.305e-11 -6.354e-12  4.352e-11
140 120  7.000e+00  6.000e+00  4.318e-11  0.000e+00  4.318e-11

144   0  7.200e+00  0.000e+00 -0.000e+00  1.820e-10  1.820e-10
144   4  7.200e+00  2.000e-01 -1.116e-11  1.827e-10  1.831e-10
144   8  7.200e+00  4.000e-01 -2.346e-11  1.846e-10  1.861e-10
144  12  7.200e+00  6.000e-01 -3.805e-11  1.873e-10  1.911e-10
144  16  7.200e+00  8.000e-01 -5.610e-11  1.897e-10  1.979e-10
144  20  7.200e+00  1.000e+00 -7.867e-11  1.904e-10  2.060e-10
144  24  7.200e+00  1.200e+00 -1.064e-10  1.868e-10  2.150e-10
144  28  7.200e+00  1.400e+00 -1.386e-10  1.755e-10  2.236e-10
144  32  7.200e+00  1.600e+00 -1.725e-10  1.526e-10  2.303e-10
144  36  7.200e+00  1.800e+00 -2.021e-10  1.156e-10  2.329e-10
144  40  7.200e+00  2.000e+00 -2.193e-10  6.628e-11  2.291e-10
144  44  7.200e+00  2.200e+00 -2.175e-10  1.210e-11  2.179e-10
144  48  7.200e+00  2.400e+00 -1.970e-10 -3.646e-11  2.003e-10
144  52  7.200e+00  2.600e+00 -1.641e-10 -7.190e-11  1.792e-10
144  56  7.200e+00  2.800e+00 -1.272e-10 -9.253e-11  1.573e-10
144  60  7.200e+00  3.000e+00 -9.231e-11 -1.009e-10  1.367e-10
144  64  7.200e+00  3.200e+00 -6.236e-11 -1.007e-10  1.185e-10
144  68  7.200e+00  3.400e+00 -3.802e-11 -9.549e-11  1.028e-10
144  72  7.200e+00  3.600e+00 -1.889e-11 -8.759e-11  8.961e-11
144  76  7.200e+00  3.800e+00 -4.140e-12 -7.856e-11  7.867e-11
144  80  7.200e+00  4.000e+00  7.106e-12 -6.928e-11  6.965e-11
144  84  7.200e+00  4.200e+00  1.561e-11 -6.027e-11  6.225e-11
144  88  7.200e+00  4.400e+00  2.200e-11 -5.174e-11  5.622e-11
144  92  7.200e+00  4.600e+00  2.677e-11 -4.379e-11  5.133e-11
144  96  7.200e+00  4.800e+00  3.031e-11 -3.643e-11  4.739e-11
144 100  7.200e+00  5.000e+00  3.290e-11 -2.961e-11  4.426e-11
144 104  7.200e+00  5.200e+00  3.478e-11 -2.324e-11  4.183e-11
144 108  7.200e+00  5.400e+00  3.610e-11 -1.726e-11  4.001e-11
144 112  7.200e+00  5.600e+00  3.697e-11 -1.157e-11  3.874e-11
144 116  7.200e+00  5.800e+00  3.748e-11 -6.067e-12  3.797e-11
144 120  7.200e+00  6.000e+00  3.767e-11  0.000e+00  3.767e-11

148   0  7.400e+00  0.000e+00 -0.000e+00  1.705e-10  1.705e-10
148   4  7.400e+00  2.000e-01 -1.200e-11  1.707e-10  1.711e-10
148   8  7.400e+00  4.000e-01 -2.482e-11  1.712e-10  1.730e-10
148  12  7.400e+00  6.000e-01 -3.928e-11  1.714e-10  1.758e-10
148  16  7.400e+00  8.000e-01 -5.605e-11  1.706e-10  1.795e-10
148  20  7.400e+00  1.000e+00 -7.559e-11  1.674e-10  1.837e-10
148  24  7.400e+00  1.200e+00 -9.780e-11  1.602e-10  1.877e-10
148  28  7.400e+00  1.400e+00 -1.217e-10  1.470e-10  1.908e-10
148  32  7.400e+00  1.600e+00 -1.449e-10  1.258e-10  1.919e-10
148  36  7.400e+00  1.800e+00 -1.637e-10  9.629e-11  1.900e-10
148  40  7.400e+00  2.000e+00 -1.739e-10  6.005e-11  1.840e-10
148  44  7.400e+00  2.200e+00 -1.725e-10  2.143e-11  1.739e-10
148  48  7.400e+00  2.400e+00 -1.597e-10 -1.413e-11  1.603e-10
148  52  7.400e+00  2.600e+00 -1.383e-10 -4.235e-11  1.446e-10
148  56  7.400e+00  2.800e+00 -1.128e-10 -6.150e-11  1.284e-10
148  60  7.400e+00  3.000e+00 -8.691e-11 -7.214e-11  1.129e-10
148  64  7.400e+00  3.200e+00 -6.314e-11 -7.606e-11  9.885e-11
148  68  7.400e+00  3.400e+00 -4.262e-11 -7.526e-11  8.649e-11
148  72  7.400e+00  3.600e+00 -2.557e-11 -7.145e-11  7.589e-11
148  76  7.400e+00  3.800e+00 -1.177e-11 -6.590e-11  6.695e-11
148  80  7.400e+00  4.000e+00 -7.942e-13 -5.948e-11  5.949e-11
148  84  7.400e+00  4.200e+00  7.833e-12 -5.274e-11  5.332e-11
148  88  7.400e+00  4.400e+00  1.455e-11 -4.600e-11  4.825e-11
148  92  7.400e+00  4.600e+00  1.973e-11 -3.945e-11  4.411e-11
148  96  7.400e+00  4.800e+00  2.370e-11 -3.317e-11  4.077e-11
148 100  7.400e+00  5.000e+00  2.669e-11 -2.719e-11  3.811e-11
148 104  7.400e+00  5.200e+00  2.891e-11 -2.150e-11  3.603e-11
148 108  7.400e+00  5.400e+00  3.051e-11 -1.605e-11  3.447e-11
148 112  7.400e+00  5.600e+00  3.159e-11 -1.079e-11  3.338e-11
148 116  7.400e+00  5.800e+00  3.222e-11 -5.675e-12  3.272e-11
148 120  7.400e+00  6.000e+00  3.246e-11  0.000e+00  3.246e-11

152   0  7.600e+00  0.000e+00 -0.000e+00  1.586e-10  1.586e-10
152   4  7.600e+00  2.000e-01 -1.200e-11  1.584e-10  1.589e-10
152   8  7.600e+00  4.000e-01 -2.455e-11  1.578e-10  1.597e-10
152  12  7.600e+00  6.000e-01 -3.815e-11  1.564e-10  1.610e-10
152  16  7.600e+00  8.000e-01 -5.316e-11  1.536e-10  1.625e-10
152  20  7.600e+00  1.000e+00 -6.968e-11  1.484e-10  1.639e-10
152  24  7.600e+00  1.200e+00 -8.736e-11  1.397e-10  1.648e-10
152  28  7.600e+00  1.400e+00 -1.052e-10  1.265e-10  1.645e-10
152  32  7.600e+00  1.600e+00 -1.216e-10  1.079e-10  1.626e-10
152  36  7.600e+00  1.800e+00 -1.342e-10  8.407e-11  1.583e-10
152  40  7.600e+00  2.000e+00 -1.407e-10  5.641e-11  1.516e-10
152  44  7.600e+00  2.200e+00 -1.396e-10  2.750e-11  1.423e-10
152  48  7.600e+00  2.400e+00 -1.310e-10  4.128e-13  1.310e-10
152  52  7.600e+00  2.600e+00 -1.165e-10 -2.226e-11  1.186e-10
152  56  7.600e+00  2.800e+00 -9.843e-11 -3.915e-11  1.059e-10
152  60  7.600e+00  3.000e+00 -7.918e-11 -5.017e-11  9.374e-11
152  64  7.600e+00  3.200e+00 -6.056e-11 -5.607e-11  8.253e-11
152  68  7.600e+00  3.400e+00 -4.366e-11 -5.796e-11  7.257e-11
152  72  7.600e+00  3.600e+00 -2.897e-11 -5.698e-11  6.392e-11
152  76  7.600e+00  3.800e+00 -1.658e-11 -5.408e-11  5.656e-11
152  80  7.600e+00  4.000e+00 -6.350e-12 -4.997e-11  5.037e-11
152  84  7.600e+00  4.200e+00  1.959e-12 -4.518e-11  4.522e-11
152  88  7.600e+00  4.400e+00  8.624e-12 -4.006e-11  4.097e-11
152  92  7.600e+00  4.600e+00  1.391e-11 -3.482e-11  3.750e-11
152  96  7.600e+00  4.800e+00  1.805e-11 -2.961e-11  3.468e-11
152 100  7.600e+00  5.000e+00  2.125e-11 -2.450e-11  3.243e-11
152 104  7.600e+00  5.200e+00  2.367e-11 -1.951e-11  3.067e-11
152 108  7.600e+00  5.400e+00  2.543e-11 -1.464e-11  2.935e-11
152 112  7.600e+00  5.600e+00  2.664e-11 -9.887e-12  2.842e-11
152 116  7.600e+00  5.800e+00  2.736e-11 -5.211e-12  2.785e-11
152 120  7.600e+00  6.000e+00  2.763e-11  0.000e+00  2.763e-11

156   0  7.800e+00  0.000e+00 -0.000e+00  1.469e-10  1.469e-10
156   4  7.800e+00  2.000e-01 -1.143e-11  1.465e-10  1.470e-10
156   8  7.800e+00  4.000e-01 -2.320e-11  1.453e-10  1.471e-10
156  12  7.800e+00  6.000e-01 -3.558e-11  1.429e-10  1.473e-10
156  16  7.800e+00  8.000e-01 -4.871e-11  1.390e-10  1.473e-10
156  20  7.800e+00  1.000e+00 -6.251e-11  1.328e-10  1.468e-10
156  24  7.800e+00  1.200e+00 -7.659e-11  1.238e-10  1.456e-10
156  28  7.800e+00  1.400e+00 -9.017e-11  1.114e-10  1.433e-10
156  32  7.800e+00  1.600e+00 -1.021e-10  9.535e-11  1.397e-10
156  36  7.800e+00  1.800e+00 -1.108e-10  7.590e-11  1.343e-10
156  40  7.800e+00  2.000e+00 -1.152e-10  5.412e-11  1.273e-10
156  44  7.800e+00  2.200e+00 -1.144e-10  3.164e-11  1.187e-10
156  48  7.800e+00  2.400e+00 -1.085e-10  1.034e-11  1.090e-10
156  52  7.800e+00  2.600e+00 -9.826e-11 -8.153e-12  9.860e-11
156  56  7.800e+00  2.800e+00 -8.518e-11 -2.282e-11  8.818e-11
156  60  7.800e+00  3.000e+00 -7.072e-11 -3.337e-11  7.819e-11
156  64  7.800e+00  3.200e+00 -5.617e-11 -4.007e-11  6.899e-11
156  68  7.800e+00  3.400e+00 -4.243e-11 -4.351e-11  6.077e-11
156  72  7.800e+00  3.600e+00 -3.003e-11 -4.441e-11  5.361e-11
156  76  7.800e+00  3.800e+00 -1.921e-11 -4.342e-11  4.748e-11
156  80  7.800e+00  4.000e+00 -9.983e-12 -4.112e-11  4.231e-11
156  84  7.800e+00  4.200e+00 -2.273e-12 -3.794e-11  3.800e-11
156  88  7.800e+00  4.400e+00  4.073e-12 -3.421e-11  3.445e-11
156  92  7.800e+00  4.600e+00  9.223e-12 -3.016e-11  3.154e-11
156  96  7.800e+00  4.800e+00  1.334e-11 -2.595e-11  2.918e-11
156 100  7.800e+00  5.000e+00  1.658e-11 -2.167e-11  2.729e-11
156 104  7.800e+00  5.200e+00  1.907e-11 -1.739e-11  2.580e-11
156 108  7.800e+00  5.400e+00  2.091e-11 -1.313e-11  2.469e-11
156 112  7.800e+00  5.600e+00  2.218e-11 -8.900e-12  2.390e-11
156 116  7.800e+00  5.800e+00  2.294e-11 -4.702e-12  2.342e-11
156 120  7.800e+00  6.000e+00  2.323e-11  0.000e+00  2.323e-11

160   0  8.000e+00  0.000e+00 -0.000e+00  1.360e-10  1.360e-10
160   4  8.000e+00  2.000e-01 -1.052e-11  1.354e-10  1.358e-10
160   8  8.000e+00  4.000e-01 -2.122e-11  1.338e-10  1.355e-10
160  12  8.000e+00  6.000e-01 -3.222e-11  1.310e-10  1.349e-10
160  16  8.000e+00  8.000e-01 -4.353e-11  1.265e-10  1.338e-10
160  20  8.000e+00  1.000e+00 -5.500e-11  1.201e-10  1.321e-10
160  24  8.000e+00  1.200e+00 -6.628e-11  1.114e-10  1.297e-10
160  28  8.000e+00  1.400e+00 -7.675e-11  1.002e-10  1.262e-10
160  32  8.000e+00  1.600e+00 -8.562e-11  8.629e-11  1.216e-10
160  36  8.000e+00  1.800e+00 -9.200e-11  7.018e-11  1.157e-10
160  40  8.000e+00  2.000e+00 -9.511e-11  5.257e-11  1.087e-10
160  44  8.000e+00  2.200e+00 -9.453e-11  3.456e-11  1.006e-10
160  48  8.000e+00  2.400e+00 -9.029e-11  1.735e-11  9.194e-11
160  52  8.000e+00  2.600e+00 -8.291e-11  2.013e-12  8.293e-11
160  56  8.000e+00  2.800e+00 -7.325e-11 -1.070e-11  7.403e-11
160  60  8.000e+00  3.000e+00 -6.228e-11 -2.047e-11  6.556e-11
160  64  8.000e+00  3.200e+00 -5.090e-11 -2.734e-11  5.777e-11
160  68  8.000e+00  3.400e+00 -3.981e-11 -3.160e-11  5.083e-11
160  72  8.000e+00  3.600e+00 -2.949e-11 -3.369e-11  4.478e-11
160  76  8.000e+00  3.800e+00 -2.021e-11 -3.406e-11  3.961e-11
160  80  8.000e+00  4.000e+00 -1.209e-11 -3.312e-11  3.526e-11
160  84  8.000e+00  4.200e+00 -5.138e-12 -3.123e-11  3.165e-11
160  88  8.000e+00  4.400e+00  7.167e-13 -2.867e-11  2.868e-11
160  92  8.000e+00  4.600e+00  5.564e-12 -2.565e-11  2.625e-11
160  96  8.000e+00  4.800e+00  9.510e-12 -2.234e-11  2.428e-11
160 100  8.000e+00  5.000e+00  1.266e-11 -1.884e-11  2.270e-11
160 104  8.000e+00  5.200e+00  1.511e-11 -1.524e-11  2.146e-11
160 108  8.000e+00  5.400e+00  1.694e-11 -1.158e-11  2.052e-11
160 112  8.000e+00  5.600e+00  1.822e-11 -7.882e-12  1.985e-11
160 116  8.000e+00  5.800e+00  1.899e-11 -4.175e-12  1.945e-11
160 120  8.000e+00  6.000e+00  1.928e-11  0.000e+00  1.928e-11

164   0  8.200e+00  0.000e+00 -0.000e+00  1.260e-10  1.260e-10
164   4  8.200e+00  2.000e-01 -9.427e-12  1.254e-10  1.258e-10
164   8  8.200e+00  4.000e-01 -1.892e-11  1.236e-10  1.251e-10
164  12  8.200e+00  6.000e-01 -2.851e-11  1.206e-10  1.239e-10
164  16  8.200e+00  8.000e-01 -3.815e-11  1.160e-10  1.221e-10
164  20  8.200e+00  1.000e+00 -4.765e-11  1.098e-10  1.197e-10
164  24  8.200e+00  1.200e+00 -5.673e-11  1.016e-10  1.164e-10
164  28  8.200e+00  1.400e+00 -6.492e-11  9.154e-11  1.122e-10
164  32  8.200e+00  1.600e+00 -7.169e-11  7.955e-11  1.071e-10
164  36  8.200e+00  1.800e+00 -7.646e-11  6.600e-11  1.010e-10
164  40  8.200e+00  2.000e+00 -7.878e-11  5.145e-11  9.409e-11
164  44  8.200e+00  2.200e+00 -7.837e-11  3.665e-11  8.652e-11
164  48  8.200e+00  2.400e+00 -7.529e-11  2.242e-11  7.855e-11
164  52  8.200e+00  2.600e+00 -6.985e-11  9.491e-12  7.049e-11
164  56  8.200e+00  2.800e+00 -6.261e-11 -1.583e-12  6.263e-11
164  60  8.200e+00  3.000e+00 -5.422e-11 -1.051e-11  5.523e-11
164  64  8.200e+00  3.200e+00 -4.530e-11 -1.723e-11  4.846e-11
164  68  8.200e+00  3.400e+00 -3.639e-11 -2.188e-11  4.246e-11
164  72  8.200e+00  3.600e+00 -2.788e-11 -2.470e-11  3.725e-11
164  76  8.200e+00  3.800e+00 -2.005e-11 -2.599e-11  3.283e-11
164  80  8.200e+00  4.000e+00 -1.303e-11 -2.606e-11  2.914e-11
164  84  8.200e+00  4.200e+00 -6.896e-12 -2.518e-11  2.610e-11
164  88  8.200e+00  4.400e+00 -1.630e-12 -2.357e-11  2.363e-11
164  92  8.200e+00  4.600e+00  2.806e-12 -2.143e-11  2.162e-11
164  96  8.200e+00  4.800e+00  6.472e-12 -1.891e-11  1.999e-11
164 100  8.200e+00  5.000e+00  9.439e-12 -1.612e-11  1.868e-11
164 104  8.200e+00  5.200e+00  1.177e-11 -1.315e-11  1.765e-11
164 108  8.200e+00  5.400e+00  1.353e-11 -1.005e-11  1.686e-11
164 112  8.200e+00  5.600e+00  1.477e-11 -6.875e-12  1.629e-11
164 116  8.200e+00  5.800e+00  1.552e-11 -3.652e-12  1.594e-11
164 120  8.200e+00  6.000e+00  1.580e-11  0.000e+00  1.580e-11

168   0  8.400e+00  0.000e+00 -0.000e+00  1.172e-10  1.172e-10
168   4  8.400e+00  2.000e-01 -8.258e-12  1.165e-10  1.168e-10
168   8  8.400e+00  4.000e-01 -1.652e-11  1.147e-10  1.159e-10
168  12  8.400e+00  6.000e-01 -2.475e-11  1.117e-10  1.144e-10
168  16  8.400e+00  8.000e-01 -3.287e-11  1.072e-10  1.122e-10
168  20  8.400e+00  1.000e+00 -4.072e-11  1.013e-10  1.092e-10
168  24  8.400e+00  1.200e+00 -4.804e-11  9.385e-11  1.054e-10
168  28  8.400e+00  1.400e+00 -5.452e-11  8.483e-11  1.008e-10
168  32  8.400e+00  1.600e+00 -5.977e-11  7.441e-11  9.544e-11
168  36  8.400e+00  1.800e+00 -6.343e-11  6.285e-11  8.930e-11
168  40  8.400e+00  2.000e+00 -6.520e-11  5.059e-11  8.253e-11
168  44  8.400e+00  2.200e+00 -6.494e-11  3.817e-11  7.532e-11
168  48  8.400e+00  2.400e+00 -6.267e-11  2.615e-11  6.791e-11
168  52  8.400e+00  2.600e+00 -5.861e-11  1.508e-11  6.052e-11
168  56  8.400e+00  2.800e+00 -5.314e-11  5.346e-12  5.340e-11
168  60  8.400e+00  3.000e+00 -4.667e-11 -2.780e-12  4.676e-11
168  64  8.400e+00  3.200e+00 -3.967e-11 -9.208e-12  4.073e-11
168  68  8.400e+00  3.400e+00 -3.253e-11 -1.398e-11  3.541e-11
168  72  8.400e+00  3.600e+00 -2.558e-11 -1.723e-11  3.084e-11
168  76  8.400e+00  3.800e+00 -1.905e-11 -1.915e-11  2.701e-11
168  80  8.400e+00  4.000e+00 -1.309e-11 -1.995e-11  2.386e-11
168  84  8.400e+00  4.200e+00 -7.776e-12 -1.984e-11  2.131e-11
168  88  8.400e+00  4.400e+00 -3.143e-12 -1.900e-11  1.926e-11
168  92  8.400e+00  4.600e+00  8.168e-13 -1.759e-11  1.761e-11
168  96  8.400e+00  4.800e+00  4.134e-12 -1.575e-11  1.628e-11
168 100  8.400e+00  5.000e+00  6.849e-12 -1.358e-11  1.521e-11
168 104  8.400e+00  5.200e+00  9.005e-12 -1.118e-11  1.436e-11
168 108  8.400e+00  5.400e+00  1.065e-11 -8.605e-12  1.369e-11
168 112  8.400e+00  5.600e+00  1.180e-11 -5.915e-12  1.320e-11
168 116  8.400e+00  5.800e+00  1.251e-11 -3.151e-12  1.290e-11
168 120  8.400e+00  6.000e+00  1.278e-11  0.000e+00  1.278e-11

172   0  8.600e+00  0.000e+00 -0.000e+00  1.095e-10  1.095e-10
172   4  8.600e+00  2.000e-01 -7.084e-12  1.089e-10  1.091e-10
172   8  8.600e+00  4.000e-01 -1.413e-11  1.071e-10  1.080e-10
172  12  8.600e+00  6.000e-01 -2.109e-11  1.042e-10  1.063e-10
172  16  8.600e+00  8.000e-01 -2.785e-11  9.994e-11  1.037e-10
172  20  8.600e+00  1.000e+00 -3.429e-11  9.443e-11  1.005e-10
172  24  8.600e+00  1.200e+00 -4.020e-11  8.762e-11  9.640e-11
172  28  8.600e+00  1.400e+00 -4.534e-11  7.957e-11  9.158e-11
172  32  8.600e+00  1.600e+00 -4.946e-11  7.042e-11  8.606e-11
172  36  8.600e+00  1.800e+00 -5.231e-11  6.042e-11  7.992e-11
172  40  8.600e+00  2.000e+00 -5.370e-11  4.991e-11  7.331e-11
172  44  8.600e+00  2.200e+00 -5.354e-11  3.927e-11  6.639e-11
172  48  8.600e+00  2.400e+00 -5.186e-11  2.893e-11  5.938e-11
172  52  8.600e+00  2.600e+00 -4.881e-11  1.928e-11  5.248e-11
172  56  8.600e+00  2.800e+00 -4.464e-11  1.065e-11  4.589e-11
172  60  8.600e+00  3.000e+00 -3.965e-11  3.229e-12  3.979e-11
172  64  8.600e+00  3.200e+00 -3.417e-11 -2.860e-12  3.429e-11
172  68  8.600e+00  3.400e+00 -2.848e-11 -7.613e-12  2.948e-11
172  72  8.600e+00  3.600e+00 -2.285e-11 -1.110e-11  2.540e-11
172  76  8.600e+00  3.800e+00 -1.747e-11 -1.343e-11  2.204e-11
172  80  8.600e+00  4.000e+00 -1.248e-11 -1.476e-11  1.933e-11
172  84  8.600e+00  4.200e+00 -7.971e-12 -1.523e-11  1.719e-11
172  88  8.600e+00  4.400e+00 -3.981e-12 -1.499e-11  1.551e-11
172  92  8.600e+00  4.600e+00 -5.272e-13 -1.418e-11  1.419e-11
172  96  8.600e+00  4.800e+00  2.399e-12 -1.291e-11  1.313e-11
172 100  8.600e+00  5.000e+00  4.817e-12 -1.128e-11  1.226e-11
172 104  8.600e+00  5.200e+00  6.754e-12 -9.378e-12  1.156e-11
172 108  8.600e+00  5.400e+00  8.236e-12 -7.274e-12  1.099e-11
172 112  8.600e+00  5.600e+00  9.289e-12 -5.026e-12  1.056e-11
172 116  8.600e+00  5.800e+00  9.932e-12 -2.686e-12  1.029e-11
172 120  8.600e+00  6.000e+00  1.018e-11  0.000e+00  1.018e-11

176   0  8.800e+00  0.000e+00 -0.000e+00  1.030e-10  1.030e-10
176   4  8.800e+00  2.000e-01 -5.943e-12  1.024e-10  1.026e-10
176   8  8.800e+00  4.000e-01 -1.183e-11  1.007e-10  1.014e-10
176  12  8.800e+00  6.000e-01 -1.760e-11  9.789e-11  9.946e-11
176  16  8.800e+00  8.000e-01 -2.316e-11  9.393e-11  9.675e-11
176  20  8.800e+00  1.000e+00 -2.838e-11  8.884e-11  9.326e-11
176  24  8.800e+00  1.200e+00 -3.312e-11  8.264e-11  8.902e-11
176  28  8.800e+00  1.400e+00 -3.719e-11  7.541e-11  8.408e-11
176  32  8.800e+00  1.600e+00 -4.043e-11  6.730e-11  7.851e-11
176  36  8.800e+00  1.800e+00 -4.266e-11  5.853e-11  7.242e-11
176  40  8.800e+00  2.000e+00 -4.376e-11  4.934e-11  6.595e-11
176  44  8.800e+00  2.200e+00 -4.367e-11  4.006e-11  5.927e-11
176  48  8.800e+00  2.400e+00 -4.244e-11  3.101e-11  5.256e-11
176  52  8.800e+00  2.600e+00 -4.014e-11  2.247e-11  4.600e-11
176  56  8.800e+00  2.800e+00 -3.697e-11  1.471e-11  3.979e-11
176  60  8.800e+00  3.000e+00 -3.313e-11  7.894e-12  3.406e-11
176  64  8.800e+00  3.200e+00 -2.885e-11  2.140e-12  2.893e-11
176  68  8.800e+00  3.400e+00 -2.436e-11 -2.522e-12  2.450e-11
176  72  8.800e+00  3.600e+00 -1.986e-11 -6.117e-12  2.078e-11
176  76  8.800e+00  3.800e+00 -1.549e-11 -8.716e-12  1.778e-11
176  80  8.800e+00  4.000e+00 -1.139e-11 -1.041e-11  1.544e-11
176  84  8.800e+00  4.200e+00 -7.639e-12 -1.132e-11  1.366e-11
176  88  8.800e+00  4.400e+00 -4.280e-12 -1.155e-11  1.232e-11
176  92  8.800e+00  4.600e+00 -1.341e-12 -1.122e-11  1.130e-11
176  96  8.800e+00  4.800e+00  1.172e-12 -1.042e-11  1.049e-11
176 100  8.800e+00  5.000e+00  3.267e-12 -9.246e-12  9.806e-12
176 104  8.800e+00  5.200e+00  4.956e-12 -7.777e-12  9.222e-12
176 108  8.800e+00  5.400e+00  6.256e-12 -6.084e-12  8.727e-12
176 112  8.800e+00  5.600e+00  7.184e-12 -4.229e-12  8.336e-12
176 116  8.800e+00  5.800e+00  7.752e-12 -2.269e-12  8.077e-12
176 120  8.800e+00  6.000e+00  7.969e-12  0.000e+00  7.969e-12

180   0  9.000e+00  0.000e+00 -0.000e+00  9.757e-11  9.757e-11
180   4  9.000e+00  2.000e-01 -4.854e-12  9.701e-11  9.713e-11
180   8  9.000e+00  4.000e-01 -9.650e-12  9.542e-11  9.590e-11
180  12  9.000e+00  6.000e-01 -1.432e-11  9.277e-11  9.387e-11
180  16  9.000e+00  8.000e-01 -1.879e-11  8.907e-11  9.103e-11
180  20  9.000e+00  1.000e+00 -2.295e-11  8.436e-11  8.743e-11
180  24  9.000e+00  1.200e+00 -2.670e-11  7.869e-11  8.309e-11
180  28  9.000e+00  1.400e+00 -2.989e-11  7.214e-11  7.809e-11
180  32  9.000e+00  1.600e+00 -3.241e-11  6.487e-11  7.251e-11
180  36  9.000e+00  1.800e+00 -3.414e-11  5.704e-11  6.648e-11
180  40  9.000e+00  2.000e+00 -3.501e-11  4.888e-11  6.012e-11
180  44  9.000e+00  2.200e+00 -3.498e-11  4.063e-11  5.362e-11
180  48  9.000e+00  2.400e+00 -3.407e-11  3.255e-11  4.712e-11
180  52  9.000e+00  2.600e+00 -3.236e-11  2.487e-11  4.082e-11
180  56  9.000e+00  2.800e+00 -2.997e-11  1.780e-11  3.486e-11
180  60  9.000e+00  3.000e+00 -2.704e-11  1.149e-11  2.938e-11
180  64  9.000e+00  3.200e+00 -2.375e-11  6.039e-12  2.451e-11
180  68  9.000e+00  3.400e+00 -2.026e-11  1.496e-12  2.031e-11
180  72  9.000e+00  3.600e+00 -1.672e-11 -2.139e-12  1.685e-11
180  76  9.000e+00  3.800e+00 -1.325e-11 -4.904e-12  1.413e-11
180  80  9.000e+00  4.000e+00 -9.955e-12 -6.861e-12  1.209e-11
180  84  9.000e+00  4.200e+00 -6.908e-12 -8.092e-12  1.064e-11
180  88  9.000e+00  4.400e+00 -4.156e-12 -8.684e-12  9.628e-12
180  92  9.000e+00  4.600e+00 -1.728e-12 -8.727e-12  8.896e-12
180  96  9.000e+00  4.800e+00  3.655e-13 -8.307e-12  8.315e-12
180 100  9.000e+00  5.000e+00  2.122e-12 -7.506e-12  7.800e-12
180 104  9.000e+00  5.200e+00  3.546e-12 -6.399e-12  7.316e-12
180 108  9.000e+00  5.400e+00  4.648e-12 -5.055e-12  6.867e-12
180 112  9.000e+00  5.600e+00  5.437e-12 -3.538e-12  6.487e-12
180 116  9.000e+00  5.800e+00  5.922e-12 -1.905e-12  6.221e-12
180 120  9.000e+00  6.000e+00  6.107e-12  0.000e+00  6.107e-12

184   0  9.200e+00  0.000e+00 -0.000e+00  9.323e-11  9.323e-11
184   4  9.200e+00  2.000e-01 -3.822e-12  9.269e-11  9.277e-11
184   8  9.200e+00  4.000e-01 -7.590e-12  9.119e-11  9.150e-11
184  12  9.200e+00  6.000e-01 -1.125e-11  8.869e-11  8.940e-11
184  16  9.200e+00  8.000e-01 -1.472e-11  8.524e-11  8.650e-11
184  20  9.200e+00  1.000e+00 -1.794e-11  8.085e-11  8.282e-11
184  24  9.200e+00  1.200e+00 -2.082e-11  7.562e-11  7.843e-11
184  28  9.200e+00  1.400e+00 -2.326e-11  6.962e-11  7.340e-11
184  32  9.200e+00  1.600e+00 -2.518e-11  6.299e-11  6.784e-11
184  36  9.200e+00  1.800e+00 -2.650e-11  5.589e-11  6.185e-11
184  40  9.200e+00  2.000e+00 -2.718e-11  4.850e-11  5.559e-11
184  44  9.200e+00  2.200e+00 -2.718e-11  4.103e-11  4.922e-11
184  48  9.200e+00  2.400e+00 -2.652e-11  3.369e-11  4.288e-11
184  52  9.200e+00  2.600e+00 -2.527e-11  2.666e-11  3.674e-11
184  56  9.200e+00  2.800e+00 -2.350e-11  2.013e-11  3.094e-11
184  60  9.200e+00  3.000e+00 -2.132e-11  1.422e-11  2.562e-11
184  64  9.200e+00  3.200e+00 -1.885e-11  9.023e-12  2.089e-11
184  68  9.200e+00  3.400e+00 -1.620e-11  4.600e-12  1.684e-11
184  72  9.200e+00  3.600e+00 -1.350e-11  9.648e-13  1.353e-11
184  76  9.200e+00  3.800e+00 -1.082e-11 -1.901e-12  1.099e-11
184  80  9.200e+00  4.000e+00 -8.264e-12 -4.037e-12  9.197e-12
184  84  9.200e+00  4.200e+00 -5.878e-12 -5.501e-12  8.051e-12
184  88  9.200e+00  4.400e+00 -3.707e-12 -6.363e-12  7.364e-12
184  92  9.200e+00  4.600e+00 -1.777e-12 -6.695e-12  6.927e-12
184  96  9.200e+00  4.800e+00 -1.032e-13 -6.573e-12  6.574e-12
184 100  9.200e+00  5.000e+00  1.309e-12 -6.070e-12  6.209e-12
184 104  9.200e+00  5.200e+00  2.460e-12 -5.256e-12  5.803e-12
184 108  9.200e+00  5.400e+00  3.354e-12 -4.199e-12  5.374e-12
184 112  9.200e+00  5.600e+00  3.995e-12 -2.961e-12  4.973e-12
184 116  9.200e+00  5.800e+00  4.390e-12 -1.601e-12  4.673e-12
184 120  9.200e+00  6.000e+00  4.541e-12  0.000e+00  4.541e-12

188   0  9.400e+00  0.000e+00 -0.000e+00  8.989e-11  8.989e-11
188   4  9.400e+00  2.000e-01 -2.842e-12  8.938e-11  8.943e-11
188   8  9.400e+00  4.000e-01 -5.640e-12  8.795e-11  8.813e-11
188  12  9.400e+00  6.000e-01 -8.347e-12  8.559e-11  8.600e-11
188  16  9.400e+00  8.000e-01 -1.091e-11  8.232e-11  8.304e-11
188  20  9.400e+00  1.000e+00 -1.328e-11  7.821e-11  7.933e-11
188  24  9.400e+00  1.200e+00 -1.538e-11  7.331e-11  7.491e-11
188  28  9.400e+00  1.400e+00 -1.716e-11  6.773e-11  6.987e-11
188  32  9.400e+00  1.600e+00 -1.856e-11  6.159e-11  6.432e-11
188  36  9.400e+00  1.800e+00 -1.952e-11  5.502e-11  5.838e-11
188  40  9.400e+00  2.000e+00 -2.001e-11  4.820e-11  5.219e-11
188  44  9.400e+00  2.200e+00 -2.003e-11  4.131e-11  4.591e-11
188  48  9.400e+00  2.400e+00 -1.958e-11  3.450e-11  3.967e-11
188  52  9.400e+00  2.600e+00 -1.870e-11  2.796e-11  3.363e-11
188  56  9.400e+00  2.800e+00 -1.744e-11  2.182e-11  2.794e-11
188  60  9.400e+00  3.000e+00 -1.589e-11  1.622e-11  2.270e-11
188  64  9.400e+00  3.200e+00 -1.411e-11  1.123e-11  1.804e-11
188  68  9.400e+00  3.400e+00 -1.220e-11  6.913e-12  1.403e-11
188  72  9.400e+00  3.600e+00 -1.024e-11  3.295e-12  1.075e-11
188  76  9.400e+00  3.800e+00 -8.282e-12  3.704e-13  8.290e-12
188  80  9.400e+00  4.000e+00 -6.399e-12 -1.885e-12  6.670e-12
188  84  9.400e+00  4.200e+00 -4.631e-12 -3.514e-12  5.813e-12
188  88  9.400e+00  4.400e+00 -3.014e-12 -4.571e-12  5.475e-12
188  92  9.400e+00  4.600e+00 -1.569e-12 -5.117e-12  5.352e-12
188  96  9.400e+00  4.800e+00 -3.092e-13 -5.220e-12  5.229e-12
188 100  9.400e+00  5.000e+00  7.579e-13 -4.944e-12  5.002e-12
188 104  9.400e+00  5.200e+00  1.631e-12 -4.357e-12  4.652e-12
188 108  9.400e+00  5.400e+00  2.311e-12 -3.523e-12  4.213e-12
188 112  9.400e+00  5.600e+00  2.800e-12 -2.504e-12  3.756e-12
188 116  9.400e+00  5.800e+00  3.101e-12 -1.361e-12  3.387e-12
188 120  9.400e+00  6.000e+00  3.217e-12  0.000e+00  3.217e-12

192   0  9.600e+00  0.000e+00 -0.000e+00  8.751e-11  8.751e-11
192   4  9.600e+00  2.000e-01 -1.905e-12  8.703e-11  8.705e-11
192   8  9.600e+00  4.000e-01 -3.779e-12  8.565e-11  8.574e-11
192  12  9.600e+00  6.000e-01 -5.590e-12  8.339e-11  8.357e-11
192  16  9.600e+00  8.000e-01 -7.301e-12  8.027e-11  8.060e-11
192  20  9.600e+00  1.000e+00 -8.874e-12  7.634e-11  7.686e-11
192  24  9.600e+00  1.200e+00 -1.027e-11  7.169e-11  7.242e-11
192  28  9.600e+00  1.400e+00 -1.145e-11  6.641e-11  6.739e-11
192  32  9.600e+00  1.600e+00 -1.237e-11  6.060e-11  6.185e-11
192  36  9.600e+00  1.800e+00 -1.301e-11  5.442e-11  5.595e-11
192  40  9.600e+00  2.000e+00 -1.334e-11  4.799e-11  4.981e-11
192  44  9.600e+00  2.200e+00 -1.335e-11  4.148e-11  4.358e-11
192  48  9.600e+00  2.400e+00 -1.307e-11  3.505e-11  3.741e-11
192  52  9.600e+00  2.600e+00 -1.250e-11  2.884e-11  3.143e-11
192  56  9.600e+00  2.800e+00 -1.169e-11  2.299e-11  2.579e-11
192  60  9.600e+00  3.000e+00 -1.067e-11  1.760e-11  2.058e-11
192  64  9.600e+00  3.200e+00 -9.514e-12  1.276e-11  1.591e-11
192  68  9.600e+00  3.400e+00 -8.260e-12  8.524e-12  1.187e-11
192  72  9.600e+00  3.600e+00 -6.963e-12  4.926e-12  8.529e-12
192  76  9.600e+00  3.800e+00 -5.668e-12  1.970e-12  6.001e-12
192  80  9.600e+00  4.000e+00 -4.414e-12 -3.614e-13  4.429e-12
192  84  9.600e+00  4.200e+00 -3.233e-12 -2.099e-12  3.855e-12
192  88  9.600e+00  4.400e+00 -2.147e-12 -3.289e-12  3.928e-12
192  92  9.600e+00  4.600e+00 -1.174e-12 -3.984e-12  4.154e-12
192  96  9.600e+00  4.800e+00 -3.221e-13 -4.244e-12  4.256e-12
192 100  9.600e+00  5.000e+00  4.016e-13 -4.130e-12  4.149e-12
192 104  9.600e+00  5.200e+00  9.950e-13 -3.705e-12  3.836e-12
192 108  9.600e+00  5.400e+00  1.458e-12 -3.032e-12  3.364e-12
192 112  9.600e+00  5.600e+00  1.792e-12 -2.172e-12  2.816e-12
192 116  9.600e+00  5.800e+00  1.998e-12 -1.186e-12  2.323e-12
192 120  9.600e+00  6.000e+00  2.077e-12  0.000e+00  2.077e-12

196   0  9.800e+00  0.000e+00 -0.000e+00  8.606e-11  8.606e-11
196   4  9.800e+00  2.000e-01 -9.996e-13  8.558e-11  8.559e-11
196   8  9.800e+00  4.000e-01 -1.982e-12  8.425e-11  8.427e-11
196  12  9.800e+00  6.000e-01 -2.931e-12  8.204e-11  8.210e-11
196  16  9.800e+00  8.000e-01 -3.826e-12  7.901e-11  7.911e-11
196  20  9.800e+00  1.000e+00 -4.647e-12  7.521e-11  7.536e-11
196  24  9.800e+00  1.200e+00 -5.375e-12  7.071e-11  7.092e-11
196  28  9.800e+00  1.400e+00 -5.988e-12  6.561e-11  6.588e-11
196  32  9.800e+00  1.600e+00 -6.468e-12  6.001e-11  6.036e-11
196  36  9.800e+00  1.800e+00 -6.800e-12  5.405e-11  5.447e-11
196  40  9.800e+00  2.000e+00 -6.973e-12  4.786e-11  4.836e-11
196  44  9.800e+00  2.200e+00 -6.984e-12  4.158e-11  4.217e-11
196  48  9.800e+00  2.400e+00 -6.839e-12  3.537e-11  3.603e-11
196  52  9.800e+00  2.600e+00 -6.548e-12  2.937e-11  3.009e-11
196  56  9.800e+00  2.800e+00 -6.131e-12  2.368e-11  2.446e-11
196  60  9.800e+00  3.000e+00 -5.609e-12  1.842e-11  1.926e-11
196  64  9.800e+00  3.200e+00 -5.010e-12  1.368e-11  1.456e-11
196  68  9.800e+00  3.400e+00 -4.360e-12  9.495e-12  1.045e-11
196  72  9.800e+00  3.600e+00 -3.686e-12  5.913e-12  6.968e-12
196  76  9.800e+00  3.800e+00 -3.012e-12  2.941e-12  4.209e-12
196  80  9.800e+00  4.000e+00 -2.357e-12  5.671e-13  2.424e-12
196  84  9.800e+00  4.200e+00 -1.738e-12 -1.234e-12  2.132e-12
196  88  9.800e+00  4.400e+00 -1.168e-12 -2.503e-12  2.762e-12
196  92  9.800e+00  4.600e+00 -6.557e-13 -3.287e-12  3.352e-12
196  96  9.800e+00  4.800e+00 -2.066e-13 -3.642e-12  3.648e-12
196 100  9.800e+00  5.000e+00  1.757e-13 -3.627e-12  3.631e-12
196 104  9.800e+00  5.200e+00  4.898e-13 -3.301e-12  3.337e-12
196 108  9.800e+00  5.400e+00  7.352e-13 -2.727e-12  2.824e-12
196 112  9.800e+00  5.600e+00  9.122e-13 -1.965e-12  2.167e-12
196 116  9.800e+00  5.800e+00  1.021e-12 -1.077e-12  1.484e-12
196 120  9.800e+00  6.000e+00  1.063e-12  0.000e+00  1.063e-12

200   0  1.000e+01  0.000e+00  0.000e+00  8.550e-11  8.550e-11
200   4  1.000e+01  2.000e-01  0.000e+00  8.503e-11  8.503e-11
200   8  1.000e+01  4.000e-01  0.000e+00  8.371e-11  8.371e-11
200  12  1.000e+01  6.000e-01  0.000e+00  8.153e-11  8.153e-11
200  16  1.000e+01  8.000e-01  0.000e+00  7.854e-11  7.854e-11
200  20  1.000e+01  1.000e+00  0.000e+00  7.478e-11  7.478e-11
200  24  1.000e+01  1.200e+00  0.000e+00  7.034e-11  7.034e-11
200  28  1.000e+01  1.400e+00  0.000e+00  6.530e-11  6.530e-11
200  32  1.000e+01  1.600e+00  0.000e+00  5.979e-11  5.979e-11
200  36  1.000e+01  1.800e+00  0.000e+00  5.391e-11  5.391e-11
200  40  1.000e+01  2.000e+00  0.000e+00  4.781e-11  4.781e-11
200  44  1.000e+01  2.200e+00  0.000e+00  4.162e-11  4.162e-11
200  48  1.000e+01  2.400e+00  0.000e+00  3.550e-11  3.550e-11
200  52  1.000e+01  2.600e+00  0.000e+00  2.956e-11  2.956e-11
200  56  1.000e+01  2.800e+00  0.000e+00  2.394e-11  2.394e-11
200  60  1.000e+01  3.000e+00  0.000e+00  1.874e-11  1.874e-11
200  64  1.000e+01  3.200e+00  0.000e+00  1.402e-11  1.402e-11
200  68  1.000e+01  3.400e+00  0.000e+00  9.863e-12  9.863e-12
200  72  1.000e+01  3.600e+00  0.000e+00  6.289e-12  6.289e-12
200  76  1.000e+01  3.800e+00  0.000e+00  3.311e-12  3.311e-12
200  80  1.000e+01  4.000e+00  0.000e+00  9.212e-13  9.212e-13
200  84  1.000e+01  4.200e+00  0.000e+00 -9.039e-13  9.039e-13
200  88  1.000e+01  4.400e+00  0.000e+00 -2.202e-12  2.202e-12
200  92  1.000e+01  4.600e+00  0.000e+00 -3.020e-12  3.020e-12
200  96  1.000e+01  4.800e+00  0.000e+00 -3.411e-12  3.411e-12
200 100  1.000e+01  5.000e+00  0.000e+00 -3.433e-12  3.433e-12
200 104  1.000e+01  5.200e+00  0.000e+00 -3.146e-12  3.146e-12
200 108  1.000e+01  5.400e+00  0.000e+00 -2.610e-12  2.610e-12
200 112  1.000e+01  5.600e+00  0.000e+00 -1.886e-12  1.886e-12
200 116  1.000e+01  5.800e+00  0.000e+00 -1.035e-12  1.035e-12
200 120  1.000e+01  6.000e+00  0.000e+00  0.000e+00  0.000e+00

